0 26979
1 2188
2 1979
3 1823
4 2552
5 1615
6 1615
7 2239
8 1511
9 93279
10 1979
11 1771
12 2031
13 1459
14 2447
15 1511
16 1562
17 6667
18 1719
19 27707
20 3854
21 1510
22 2083
23 1458
24 1510
25 1927
26 1719
27 2135
28 1510
29 1407
30 1563
31 1458
32 1250
33 1666
34 2240
35 1458
36 1511
37 1562
38 1302
39 1615
40 1875
41 1250
42 1250
43 1562
44 4114
45 2136
46 1666
47 1719
48 1510
49 1459
50 1615
51 1875
52 1458
53 1406
54 1562
55 1250
56 1511
57 1510
58 1458
59 1250
60 1406
61 1563
62 1302
63 1563
64 1615
65 1458
66 1250
67 1250
68 1510
69 1094
70 1406
71 1406
72 1771
73 1250
74 1771
75 1250
76 1198
77 1354
78 1198
79 1042
80 1303
81 1355
82 1198
83 1094
84 989
85 1198
86 1406
87 1042
88 989
89 1146
90 1041
91 937
92 1198
93 885
94 885
95 1302
96 938
97 730
98 573
99 469
