0 14479
1 3959
2 2344
3 3125
4 2708
5 2188
6 2448
7 2291
8 2084
9 2916
10 2292
11 2291
12 2761
13 2708
14 3438
15 2500
16 2708
17 2240
18 2032
19 2761
20 3645
21 2188
22 2083
23 3489
24 3542
25 2292
26 2239
27 2500
28 2031
29 2344
30 2031
31 2031
32 2969
33 1823
34 3021
35 2083
36 2395
37 3073
38 3073
39 2240
40 2657
41 2239
42 2083
43 2448
44 2083
45 1979
46 2292
47 2500
48 2240
49 3178
50 2291
51 2240
52 2552
53 2135
54 3177
55 2292
56 2395
57 2344
58 2083
59 2448
60 2083
61 2031
62 2760
63 2343
64 2761
65 2240
66 2135
67 2135
68 1875
69 2396
70 3020
71 2032
72 2604
73 2396
74 2552
75 2604
76 2031
77 2291
78 2031
79 1823
80 2552
81 1875
82 1927
83 1927
84 3282
85 2395
86 2188
87 2604
88 2031
89 2344
90 2188
91 2135
92 2292
93 2448
94 2240
95 2604
96 2552
97 2239
98 2031
99 1979
100 2917
101 2031
102 1875
103 3854
104 2344
105 2396
106 2239
107 2084
108 2500
109 2657
110 2291
111 2084
112 2032
113 2447
114 2344
115 2448
116 3281
117 2500
118 2448
119 2708
120 2448
121 2969
122 2240
123 2239
124 2760
125 2395
126 2240
127 2500
128 2239
129 2187
130 2396
131 2500
132 3177
133 2292
134 2395
135 2343
136 2031
137 2084
138 2552
139 2083
140 3541
141 2292
142 2239
143 2292
144 2135
145 2604
146 2917
147 2708
148 2292
149 2448
150 5000
151 2291
152 2240
153 2083
154 2291
155 2761
156 2083
157 2031
158 2708
159 3021
160 2864
161 2605
162 2084
163 2135
164 2604
165 2604
166 1875
167 3906
168 2292
169 2188
170 2395
171 2032
172 2032
173 2657
174 2083
175 3073
176 2188
177 2031
178 2187
179 2083
180 2500
181 3021
182 2083
183 2135
184 2188
185 2031
186 1875
187 2291
188 2448
189 1979
190 1875
191 1823
192 2396
193 1875
194 3541
195 2292
196 2187
197 2396
198 2292
199 2187
200 2656
201 2865
202 2291
203 2083
204 2084
205 2292
206 2031
207 1979
208 2604
209 2292
210 2396
211 2135
212 2031
213 2708
214 2084
215 2136
216 2604
217 2292
218 1823
219 2135
220 1875
221 1822
222 2292
223 4844
224 2291
225 2083
226 3021
227 1927
228 2135
229 3489
230 2136
231 2083
232 2500
233 2552
234 2239
235 2448
236 2552
237 2135
238 2135
239 2396
240 2031
241 1875
242 2448
243 2656
244 2031
245 1875
246 1771
247 4479
248 1875
249 1875
250 2968
251 1719
252 2031
253 3333
254 2135
255 1979
256 1875
257 2291
258 2292
259 1927
260 2239
261 2500
262 5000
263 4427
264 2032
265 1979
266 2343
267 1822
268 2188
269 2812
270 2031
271 2031
272 2291
273 2865
274 2291
275 2292
276 2604
277 2239
278 2084
279 2448
280 2656
281 2032
282 2032
283 2395
284 2865
285 2292
286 2187
287 2031
288 2292
289 2916
290 2188
291 2083
292 2813
293 2135
294 2500
295 2396
296 1980
297 1875
298 2083
299 2968
300 2083
301 2031
302 2135
303 2032
304 1875
305 1823
306 1979
307 2292
308 1823
309 2447
310 2187
311 2448
312 2031
313 2083
314 2292
315 1875
316 4166
317 2291
318 2240
319 2343
320 2240
321 2031
322 2448
323 2083
324 1979
325 2552
326 2032
327 2031
328 3073
329 1875
330 2761
331 2812
332 2136
333 2708
334 2083
335 2032
336 2447
337 2761
338 2031
339 2240
340 2500
341 1823
342 1823
343 2812
344 2240
345 1875
346 2135
347 2396
348 1875
349 1823
350 2031
351 1666
352 2344
353 1823
354 1823
355 2396
356 1875
357 2292
358 2552
359 2083
360 2083
361 2292
362 1875
363 2552
364 2032
365 1979
366 3177
367 2396
368 2448
369 2552
370 2396
371 2083
372 2344
373 2083
374 2239
375 2188
376 2448
377 2084
378 2604
379 2395
380 2032
381 2032
382 2240
383 1875
384 4010
385 2083
386 2032
387 2240
388 1979
389 2135
390 2032
391 1823
392 2604
393 1875
394 2187
395 2188
396 2500
397 2032
398 2084
399 2291
400 2188
401 2761
402 2343
403 2240
404 2447
405 2083
406 2343
407 2344
408 2239
409 2083
410 2031
411 3125
412 2083
413 2083
414 1875
415 2240
416 2968
417 2292
418 2239
419 2500
420 2136
421 2344
422 2448
423 2239
424 2032
425 2187
426 3125
427 2292
428 2292
429 2656
430 2344
431 2083
432 2656
433 2292
434 2239
435 2500
436 2656
437 2292
438 2552
439 2760
440 2448
441 2239
442 2240
443 2343
444 2032
445 2708
446 2083
447 2187
448 2448
449 2187
450 2032
451 2083
452 1927
453 2291
454 2188
455 2447
456 2084
457 2084
458 2136
459 1875
460 2291
461 1823
462 1823
463 2396
464 1875
465 2447
466 2136
467 2083
468 2969
469 1875
470 2291
471 2188
472 2344
473 2135
474 2083
475 2917
476 2135
477 3229
478 2552
479 2032
480 2032
481 2240
482 2083
483 2969
484 2291
485 2032
486 1875
487 1927
488 2761
489 1927
490 2239
491 1875
492 1979
493 2083
494 1875
495 1719
496 3125
497 2031
498 1823
499 3021
500 2083
501 2083
502 2240
503 2083
504 1927
505 2135
506 2292
507 1875
508 1979
509 2135
510 2865
511 2187
512 2239
513 1875
514 2188
515 2448
516 2031
517 2031
518 2239
519 1875
520 2448
521 2135
522 1823
523 1875
524 1979
525 2187
526 1822
527 1875
528 2136
529 1666
530 2604
531 1875
532 1875
533 2239
534 3906
535 1927
536 2239
537 1823
538 1771
539 2083
540 1667
541 2239
542 2084
543 1666
544 1771
545 2239
546 1771
547 3177
548 2500
549 1875
550 1823
551 1979
552 1927
553 1666
554 1927
555 2188
556 2864
557 3386
558 2291
559 2032
560 2552
561 2761
562 2031
563 2239
564 2292
565 2344
566 2187
567 2031
568 2084
569 1823
570 2708
571 2031
572 2500
573 3073
574 2084
575 1979
576 1875
577 2136
578 2187
579 2031
580 1979
581 1823
582 2864
583 2083
584 2031
585 1823
586 2135
587 2865
588 2083
589 2032
590 2344
591 2396
592 2135
593 2552
594 2448
595 2239
596 2031
597 2657
598 2343
599 1875
600 3281
601 1823
602 1823
603 2812
604 2240
605 1823
606 1822
607 2032
608 1667
609 2448
610 1927
611 1875
612 2916
613 2083
614 1980
615 1875
616 2136
617 2135
618 1927
619 3281
620 2136
621 2604
622 2135
623 2187
624 2344
625 2031
626 1875
627 2188
628 2708
629 2031
630 2031
631 2292
632 2031
633 1823
634 2239
635 2188
636 2031
637 1927
638 1874
639 2343
640 1875
641 4688
642 2031
643 1771
644 1979
645 1823
646 1771
647 3698
648 2239
649 2240
650 1875
651 1823
652 2136
653 2083
654 1927
655 2604
656 1875
657 1823
658 2135
659 1771
660 1614
661 2032
662 1927
663 1875
664 1667
665 1615
666 2344
667 1719
668 2343
669 2604
670 1875
671 1875
672 2136
673 1823
674 1666
675 2084
676 1979
677 2136
678 1875
679 1823
680 2552
681 2032
682 2187
683 2240
684 2031
685 2239
686 2083
687 1927
688 2396
689 1875
690 2239
691 2032
692 2032
693 2032
694 1980
695 1823
696 1979
697 2813
698 2083
699 2031
700 2448
701 1875
702 3020
703 2292
704 1875
705 1875
706 2135
707 2292
708 1927
709 2291
710 2813
711 2187
712 2083
713 2344
714 2083
715 1874
716 2968
717 2084
718 2448
719 2396
720 2083
721 2344
722 2448
723 2291
724 2084
725 2031
726 2187
727 2031
728 1979
729 2396
730 4323
731 2135
732 1875
733 1823
734 2657
735 1875
736 1823
737 2240
738 1823
739 1667
740 2239
741 2032
742 1979
743 1979
744 1823
745 1823
746 2760
747 1979
748 1770
749 1666
750 1615
751 3229
752 2083
753 1823
754 2083
755 1615
756 2969
757 1667
758 1614
759 3698
760 1927
761 1667
762 1980
763 1667
764 1771
765 1928
766 1511
767 1719
768 3282
769 3958
770 1979
771 2916
772 2292
773 2083
774 2865
775 2031
776 2031
777 1875
778 2135
779 2292
780 1875
781 1823
782 2396
783 1823
784 1927
785 1927
786 1823
787 2448
788 1875
789 1823
790 2812
791 1823
792 1823
793 2239
794 1667
795 1979
796 2135
797 1823
798 1614
799 1615
800 2083
801 3229
802 1875
803 1823
804 3229
805 1875
806 1667
807 1979
808 1979
809 2135
810 1823
811 1823
812 1927
813 1666
814 1979
815 1927
816 1823
817 1719
818 1614
819 2292
820 1771
821 1614
822 1823
823 1615
824 1459
825 1718
826 2344
827 1875
828 1823
829 1979
830 1823
831 1718
832 2083
833 1927
834 1667
835 1666
836 1771
837 2135
838 1667
839 2500
840 1875
841 2656
842 2135
843 1719
844 3333
845 2240
846 1875
847 1875
848 2083
849 2135
850 1927
851 2188
852 2135
853 2031
854 1823
855 1823
856 1979
857 2656
858 1823
859 1979
860 2917
861 1823
862 1615
863 1614
864 2188
865 1823
866 1927
867 2084
868 1667
869 1614
870 1875
871 1615
872 2031
873 1719
874 1666
875 1771
876 1614
877 1459
878 1875
879 1823
880 1667
881 1458
882 1458
883 1615
884 2604
885 2708
886 1666
887 1823
888 1875
889 1614
890 1615
891 1718
892 1459
893 1980
894 1459
895 1562
896 1719
897 1406
898 2291
899 1667
900 1615
901 1719
902 1667
903 1458
904 1718
905 1927
906 1927
907 2032
908 1667
909 2187
910 1667
911 2083
912 1614
913 1615
914 1771
915 1615
916 1458
917 1771
918 1875
919 1510
920 1406
921 2031
922 1615
923 6146
924 1875
925 1458
926 1459
927 1979
928 1250
929 1615
930 3125
931 1614
932 2448
933 1615
934 1459
935 1250
936 1562
937 2135
938 1510
939 1459
940 2343
941 1459
942 1771
943 1770
944 1667
945 1458
946 1562
947 1979
948 1459
949 1250
950 4115
951 1354
952 1250
953 1354
954 2188
955 1979
956 1875
957 1302
958 1250
959 1927
960 1407
961 1718
962 1302
963 1250
964 1459
965 1302
966 1094
967 1354
968 3125
969 1875
970 1510
971 1406
972 1823
973 1875
974 1406
975 1250
976 1562
977 1250
978 1094
979 1354
980 1406
981 1250
982 1094
983 1041
984 1198
985 1562
986 1250
987 1042
988 1041
989 1250
990 1041
991 885
992 1302
993 1198
994 885
995 833
996 1302
997 885
998 781
999 573
