0 8333
1 26875
2 17916
3 16041
4 16041
5 16145
6 15833
7 16041
8 15572
9 15989
10 16042
11 15885
12 15989
13 15885
14 15833
15 15833
16 24947
17 15937
18 21198
19 15312
20 15208
21 20677
22 15469
23 21927
24 15260
25 14948
26 20469
27 15468
28 31822
29 15364
30 14947
31 36405
32 15729
33 21666
34 15208
35 15260
36 19999
37 15416
38 20624
39 15156
40 15000
41 20156
42 15208
43 20989
44 15052
45 14791
46 20520
47 15312
48 20000
49 14999
50 14843
51 27187
52 15208
53 14687
54 21145
55 15156
56 19792
57 15156
58 14843
59 19947
60 14635
61 19635
62 15156
63 14895
64 20728
65 14895
66 19583
67 14948
68 14635
69 19999
70 14687
71 19635
72 15000
73 14636
74 19895
75 14635
76 19687
77 14740
78 14583
79 19583
80 14687
81 19635
82 14687
83 14739
84 19635
85 14792
86 23124
87 14791
88 14479
89 26041
90 14687
91 14218
92 19531
93 14479
94 20312
95 14792
96 14323
97 19375
98 14479
99 20260
100 14375
101 14219
102 19896
103 14323
104 20469
105 14427
106 14271
107 19843
108 14531
109 19582
110 14583
111 13958
112 19531
113 14270
114 27291
115 14479
116 13802
117 19478
118 14375
119 20468
120 14166
121 13854
122 19010
123 14218
124 19166
125 14218
126 13906
127 26249
128 14062
129 13906
130 19219
131 14062
132 19114
133 14010
134 13958
135 18958
136 14062
137 18697
138 13958
139 13958
140 20156
141 13958
142 18593
143 14010
144 13958
145 19114
146 13854
147 18854
148 13906
149 13750
150 19218
151 13750
152 18750
153 13854
154 13698
155 18854
156 13906
157 18646
158 13698
159 13438
160 18854
161 13646
162 13646
163 19218
164 13698
165 26458
166 13697
167 13489
168 19895
169 13958
170 19010
171 13385
172 13333
173 18489
174 13645
175 19062
176 13750
177 13437
178 18802
179 13750
180 18489
181 13594
182 13281
183 18541
184 13593
185 18280
186 13333
187 13176
188 30364
189 13542
190 18437
191 13229
192 13281
193 18958
194 13594
195 6667
196 1719
197 1511
198 11510
199 1719
200 1562
201 5677
202 1666
203 11563
204 1719
205 1667
206 6406
207 1667
208 5677
209 1719
210 1563
211 7135
212 1614
213 6510
214 1719
215 1615
216 5833
217 1770
218 5677
219 1667
220 1614
221 5573
222 1666
223 5261
224 1615
225 1666
226 5365
227 1667
228 5572
229 1719
230 1614
231 5364
232 1614
233 7552
234 1719
235 1563
236 5312
237 1667
238 1562
239 5364
240 1666
241 11511
242 1666
243 1563
244 5573
245 1666
246 5209
247 1719
248 1614
249 6042
250 1719
251 5781
252 1666
253 1615
254 5312
255 1719
256 5729
257 1719
258 1614
259 5365
260 1666
261 5417
262 1614
263 1563
264 5365
265 1771
266 5312
267 1614
268 1615
269 5677
270 1719
271 1614
272 5469
273 1614
274 5313
275 1719
276 1614
277 5729
278 1614
279 11406
280 1666
281 1562
282 10469
283 1771
284 5729
285 1666
286 1615
287 6406
288 1667
289 5521
290 1719
291 1614
292 5521
293 1615
294 5312
295 1614
296 1615
297 5573
298 1667
299 5260
300 1667
301 2031
302 5885
303 1667
304 5781
305 1667
306 1562
307 7969
308 1667
309 1615
310 5886
311 1719
312 5625
313 1667
314 1562
315 5469
316 1771
317 11823
318 1614
319 1615
320 5937
321 1718
322 7396
323 1666
324 1563
325 5313
326 1667
327 5937
328 1666
329 1615
330 6770
331 1666
332 5469
333 1614
334 1563
335 5416
336 1666
337 6458
338 1666
339 1615
340 5937
341 1666
342 5729
343 1667
344 1510
345 5989
346 1718
347 1562
348 16771
349 1822
350 5573
351 1667
352 88175
353 9375
354 1615
355 13645
356 1718
357 1562
358 8177
359 1719
360 6250
361 1667
362 1562
363 6094
364 1667
365 11458
366 1719
367 1614
368 5417
369 1667
370 5469
371 1927
372 1615
373 5573
374 1667
375 5677
376 2135
377 1562
378 6406
379 1718
380 5364
381 1667
382 1614
383 6354
384 1666
385 1563
386 7135
387 1614
388 8281
389 1614
390 1563
391 5365
392 1667
393 13073
394 1615
395 1562
396 5886
397 1771
398 6666
399 1718
400 1615
401 5416
402 1718
403 6093
404 1666
405 1563
406 5833
407 1667
408 6146
409 1823
410 1615
411 9270
412 1718
413 7916
414 1666
415 1511
416 5468
417 1771
418 1615
419 6406
420 1562
421 5417
422 1667
423 1614
424 5625
425 1667
426 5365
427 1667
428 1615
429 6145
430 1615
431 11458
432 1667
433 1562
434 6094
435 1667
436 6302
437 1667
438 1563
439 5313
440 1615
441 5729
442 1614
443 1615
444 8750
445 1666
446 8073
447 1667
448 1510
449 9270
450 1614
451 5365
452 1667
453 1614
454 6302
455 1667
456 1563
457 5573
458 1666
459 6510
460 1615
461 1562
462 6198
463 1719
464 5885
465 1666
466 1615
467 5937
468 1615
469 11771
470 1615
471 1614
472 6042
473 1667
474 6354
475 1667
476 1563
477 5365
478 1719
479 6771
480 1667
481 1562
482 5625
483 1718
484 6406
485 1615
486 1562
487 5364
488 1667
489 5781
490 1667
491 1614
492 6198
493 1666
494 1563
495 5677
496 1667
497 6302
498 1771
499 1614
500 5625
501 1666
502 5625
503 1666
504 1511
505 5989
506 1667
507 22447
508 2395
509 1614
510 5625
511 1667
512 5416
513 2708
514 1563
515 6197
516 1667
517 5572
518 1666
519 1615
520 5833
521 1666
522 5573
523 1667
524 1614
525 5990
526 1615
527 1614
528 6198
529 1667
530 5885
531 1719
532 1615
533 10156
534 1667
535 5833
536 1666
537 1615
538 5364
539 1719
540 6771
541 1615
542 1510
543 5624
544 1666
545 11302
546 1615
547 1614
548 5677
549 1719
550 5937
551 1667
552 1614
553 5364
554 1666
555 5625
556 1666
557 1562
558 5521
559 1667
560 5261
561 1615
562 1614
563 5364
564 2812
565 1615
566 6093
567 1666
568 5469
569 1667
570 1562
571 5677
572 1614
573 6198
574 1719
575 1615
576 5572
577 1667
578 5416
579 1666
580 1511
581 5989
582 1666
583 11198
584 1666
585 1615
586 6354
587 1719
588 6666
589 1667
590 1563
591 5677
592 1667
593 5572
594 1667
595 1718
596 6354
597 1667
598 5781
599 1667
600 1562
601 6354
602 1666
603 1615
604 6302
605 1719
606 5416
607 1719
608 1562
609 6146
610 1667
611 5885
612 1667
613 1562
614 5938
615 1771
616 9010
617 1615
618 1562
619 5469
620 1615
621 12656
622 1667
623 1615
624 5990
625 1771
626 6666
627 1667
628 1563
629 5572
630 1719
631 6406
632 1615
633 1614
634 6667
635 2917
636 5521
637 1667
638 1563
639 5312
640 2136
641 1614
642 5417
643 1614
644 5313
645 1615
646 1614
647 5729
648 1666
649 5417
650 1667
651 1562
652 5521
653 1615
654 6250
655 1979
656 1562
657 6250
658 1667
659 11979
660 1666
661 1614
662 6406
663 1667
664 6302
665 1719
666 1615
667 17083
668 1667
669 7188
670 1667
671 1666
672 6667
673 1667
674 2239
675 5886
676 1667
677 5989
678 1666
679 1615
680 5468
681 2135
682 5781
683 1667
684 1562
685 5573
686 2448
687 5886
688 1667
689 1562
690 5365
691 1719
692 6145
693 1666
694 1511
695 6406
696 1667
697 12083
698 1667
699 1614
700 11354
701 1719
702 6146
703 1666
704 1511
705 5364
706 1875
707 5677
708 1615
709 1562
710 5677
711 1719
712 1615
713 5625
714 1615
715 5312
716 1667
717 1614
718 6094
719 1719
720 5885
721 1980
722 1562
723 6198
724 1667
725 6094
726 1667
727 1562
728 6875
729 1719
730 6354
731 1823
732 1615
733 8333
734 1667
735 14635
736 2292
737 1614
738 6354
739 1719
740 5417
741 1614
742 1615
743 6354
744 1614
745 5729
746 1719
747 1667
748 6250
749 1667
750 1562
751 7396
752 1719
753 8333
754 1614
755 1615
756 5833
757 1719
758 5989
759 1666
760 1563
761 6198
762 1771
763 6146
764 1667
765 1562
766 5313
767 1719
768 5521
769 1615
770 1563
771 6302
772 1719
773 11614
774 1666
775 1563
776 5625
777 1719
778 5781
779 1719
780 1562
781 5729
782 1718
783 5469
784 7083
785 1667
786 5886
787 1667
788 1562
789 6615
790 1667
791 5416
792 1666
793 1615
794 6302
795 1614
796 5729
797 1667
798 1562
799 5729
800 1666
801 6042
802 1667
803 1667
804 6302
805 1666
806 5781
807 1666
808 1563
809 6770
810 1719
811 12343
812 1667
813 1562
814 7292
815 1667
816 8698
817 1667
818 1562
819 6458
820 1614
821 1615
822 5781
823 2396
824 6511
825 1615
826 1614
827 17968
828 1875
829 6875
830 1666
831 1562
832 5729
833 1719
834 5937
835 1718
836 1563
837 5989
838 1719
839 6875
840 2292
841 1563
842 7032
843 1667
844 6822
845 1666
846 1615
847 5416
848 1719
849 12812
850 1667
851 1563
852 6250
853 1666
854 5520
855 1666
856 1563
857 5364
858 1615
859 1614
860 6510
861 1562
862 5625
863 1718
864 1562
865 5677
866 2969
867 11458
868 1719
869 1562
870 8333
871 1667
872 6614
873 1718
874 1563
875 5885
876 1615
877 5937
878 1666
879 1563
880 5937
881 1667
882 5416
883 1667
884 1666
885 6458
886 1614
887 12187
888 1667
889 1614
890 6458
891 1614
892 5417
893 1719
894 1667
895 6562
896 1718
897 1563
898 16562
899 1667
900 6718
901 1667
902 2344
903 7656
904 1667
905 7760
906 2291
907 1615
908 8073
909 1667
910 5937
911 1718
912 1563
913 8645
914 1614
915 7813
916 1719
917 1667
918 14010
919 1719
920 6510
921 1614
922 1615
923 9011
924 1667
925 8437
926 1667
927 1615
928 6927
929 1615
930 1563
931 6458
932 1615
933 7135
934 1666
935 1615
936 5468
937 1771
938 5990
939 1615
940 1510
941 6354
942 1667
943 6250
944 1614
945 1615
946 6458
947 1667
948 7916
949 1667
950 1614
951 17604
952 1719
953 10156
954 1666
955 1563
956 11666
957 1719
958 5364
959 1614
960 1563
961 6042
962 1719
963 6458
964 1666
965 1563
966 6562
967 1666
968 1563
969 9166
970 1666
971 9062
972 1719
973 1615
974 5729
975 1719
976 5364
977 1667
978 1562
979 17917
980 1770
981 7761
982 1666
983 1562
984 6302
985 1666
986 6666
987 1666
988 1563
989 6510
990 1718
991 6094
992 1666
993 1615
994 13020
995 1719
996 5677
997 1615
998 1563
999 5312
