0 17291
1 3229
2 3177
3 3697
4 3177
5 4219
6 3072
7 3333
8 4635
9 3229
10 3020
11 3385
12 3437
13 3646
14 2864
15 3906
16 2864
17 3594
18 5208
19 3177
20 3021
21 2969
22 3229
23 2813
24 4427
25 3073
26 3020
27 3594
28 3125
29 2864
30 3594
31 3490
32 3021
33 2916
34 4167
35 3281
36 3542
37 2969
38 3437
39 2864
40 2812
41 3229
42 2813
43 2813
44 3282
45 3958
46 3021
47 2865
48 4271
49 2812
50 2812
51 3229
52 2812
53 2709
54 2865
55 3229
56 2969
57 2656
58 2604
59 5312
60 3072
61 3073
62 2812
63 3229
64 3437
65 2969
66 2969
67 4010
68 3021
69 6250
70 3229
71 3594
72 2657
73 3333
74 3021
75 2969
76 3958
77 3073
78 4531
79 3021
80 3073
81 3125
82 3021
83 2864
84 3333
85 3229
86 2812
87 3802
88 3333
89 3385
90 2864
91 3489
92 3281
93 2916
94 2969
95 3177
96 2916
97 3958
98 3021
99 3021
100 2553
101 2552
102 2969
103 3646
104 2969
105 2916
106 3333
107 2760
108 2656
109 4115
110 2812
111 2760
112 3177
113 2813
114 2552
115 3282
116 4479
117 2604
118 2656
119 2968
120 2865
121 2761
122 3490
123 2760
124 2812
125 2552
126 2395
127 5104
128 2760
129 2708
130 2760
131 3177
132 2709
133 3958
134 2969
135 2760
136 2916
137 2760
138 2604
139 3334
140 2605
141 2760
142 3594
143 2709
144 2604
145 2448
146 2760
147 3750
148 2656
149 2552
150 2969
151 2552
152 2396
153 3073
154 3021
155 2447
156 2344
157 4427
158 3125
159 2760
160 3125
161 2552
162 3124
163 3021
164 2708
165 2708
166 5313
167 2604
168 2709
169 3125
170 2552
171 2395
172 2708
173 3437
174 2604
175 2552
176 2812
177 2500
178 3593
179 2552
180 2396
181 4271
182 2760
183 3490
184 2396
185 2812
186 3489
187 2604
188 2604
189 2812
190 2396
191 2917
192 2968
193 2552
194 2500
195 2292
196 2760
197 2916
198 2396
199 2343
200 2760
201 2500
202 2239
203 5781
204 2865
205 2865
206 3021
207 2604
208 3281
209 2604
210 2605
211 2969
212 3281
213 2813
214 4479
215 3177
216 2656
217 2604
218 2969
219 2395
220 3906
221 2760
222 2552
223 3125
224 2605
225 2396
226 2916
227 3177
228 3437
229 2396
230 2396
231 3750
232 2969
233 2812
234 3385
235 2917
236 2656
237 3021
238 3177
239 2605
240 2604
241 3177
242 3125
243 2656
244 3021
245 3229
246 2917
247 2656
248 2604
249 3542
250 3385
251 3177
252 3697
253 2656
254 5469
255 4218
256 2812
257 3229
258 3333
259 3385
260 2812
261 2969
262 3333
263 3437
264 3229
265 3177
266 2865
267 2657
268 2760
269 4740
270 2813
271 2812
272 3177
273 5781
274 2917
275 2760
276 2760
277 3385
278 2760
279 3020
280 2969
281 2604
282 2552
283 2917
284 2552
285 2396
286 2916
287 4062
288 2552
289 2708
290 3229
291 2708
292 2552
293 2917
294 3177
295 2708
296 2448
297 2500
298 5833
299 2708
300 2604
301 2604
302 2812
303 5156
304 2760
305 2812
306 2916
307 2500
308 3021
309 2396
310 2344
311 3125
312 2552
313 2500
314 3542
315 2396
316 2344
317 2760
318 2708
319 2916
320 2604
321 2552
322 4114
323 2708
324 2656
325 3229
326 2604
327 2709
328 2813
329 3594
330 2760
331 2448
332 2344
333 4427
334 2760
335 2708
336 3020
337 2604
338 3125
339 2760
340 2396
341 2344
342 2656
343 2396
344 2240
345 2604
346 4270
347 2813
348 2448
349 2708
350 3385
351 2604
352 2343
353 2344
354 2500
355 2917
356 2188
357 2344
358 5208
359 2864
360 2864
361 3281
362 3125
363 3646
364 2761
365 2605
366 3229
367 3542
368 2709
369 2656
370 2552
371 2865
372 3281
373 2813
374 3438
375 2916
376 2708
377 2448
378 2864
379 3125
380 2604
381 2552
382 2344
383 3750
384 2760
385 2708
386 2865
387 2708
388 2448
389 2864
390 2968
391 3438
392 2500
393 2500
394 3489
395 2812
396 2604
397 3125
398 3125
399 2552
400 2396
401 2709
402 2188
403 3854
404 2604
405 2448
406 5833
407 3385
408 3333
409 4114
410 4063
411 3072
412 3281
413 3021
414 3125
415 5312
416 3073
417 3698
418 3177
419 3125
420 4427
421 2917
422 4010
423 3177
424 3125
425 4635
426 3229
427 3646
428 3072
429 3073
430 4843
431 3021
432 2812
433 3594
434 2917
435 6718
436 3802
437 3021
438 2969
439 3282
440 3021
441 2812
442 3490
443 3021
444 2969
445 5365
446 2812
447 2812
448 3177
449 2916
450 2604
451 4010
452 3021
453 3855
454 4480
455 3177
456 2969
457 4062
458 2916
459 3177
460 2760
461 2917
462 3125
463 3438
464 2813
465 5520
466 2917
467 2760
468 2916
469 2604
470 5521
471 2968
472 3489
473 3021
474 2916
475 2656
476 3281
477 3229
478 2812
479 2604
480 2604
481 5104
482 3229
483 2969
484 3438
485 2968
486 2812
487 3333
488 2865
489 3334
490 4063
491 2812
492 2812
493 3177
494 2968
495 3229
496 3021
497 4792
498 2812
499 2812
500 3177
501 2604
502 2812
503 3385
504 2812
505 3802
506 3698
507 2812
508 2812
509 3073
510 2761
511 3124
512 3021
513 2604
514 2604
515 2917
516 4218
517 2656
518 2552
519 2448
520 2709
521 4375
522 2865
523 2812
524 3750
525 2657
526 3281
527 3125
528 2812
529 2604
530 3437
531 2604
532 5468
533 2865
534 3125
535 2761
536 2761
537 5729
538 2917
539 2968
540 3542
541 3282
542 2865
543 3541
544 3281
545 3437
546 3021
547 2969
548 3281
549 2916
550 3229
551 3229
552 2813
553 3645
554 3750
555 2812
556 3802
557 2812
558 2812
559 2916
560 2917
561 3438
562 3177
563 3281
564 3333
565 2917
566 2865
567 3125
568 2656
569 5000
570 2656
571 2812
572 3854
573 3021
574 2865
575 3489
576 2812
577 3542
578 3073
579 3229
580 3802
581 3282
582 3073
583 3437
584 2864
585 4323
586 3021
587 2864
588 2969
589 3438
590 4219
591 3594
592 3386
593 2865
594 2864
595 3906
596 2656
597 3645
598 3021
599 2864
600 6302
601 3073
602 3021
603 3385
604 2813
605 3229
606 2969
607 2917
608 4114
609 3854
610 2812
611 2917
612 3229
613 2760
614 2760
615 3490
616 2969
617 2812
618 4739
619 2813
620 2761
621 3230
622 2969
623 2604
624 2865
625 2656
626 2708
627 3177
628 3646
629 2864
630 2813
631 5937
632 2813
633 2656
634 2968
635 2604
636 2552
637 4010
638 2812
639 3489
640 3073
641 2552
642 2657
643 3177
644 4063
645 2969
646 2812
647 3750
648 2760
649 2604
650 3959
651 3333
652 2656
653 2708
654 3229
655 4532
656 2709
657 3229
658 3229
659 2917
660 2604
661 2552
662 2864
663 2396
664 4011
665 2656
666 3854
667 2865
668 2708
669 2605
670 2969
671 2552
672 3594
673 2864
674 3385
675 3177
676 2604
677 4635
678 2656
679 2604
680 3750
681 2604
682 2708
683 2708
684 2396
685 2813
686 3385
687 2656
688 2656
689 2917
690 3333
691 2708
692 3333
693 3333
694 3385
695 2864
696 2865
697 3698
698 2656
699 4635
700 3333
701 2969
702 2657
703 2761
704 3021
705 3073
706 2656
707 6145
708 3229
709 3021
710 3177
711 3073
712 2864
713 3385
714 3386
715 2813
716 2916
717 4062
718 2865
719 3281
720 2657
721 2865
722 3385
723 2865
724 2969
725 3541
726 2917
727 3802
728 3698
729 2968
730 3177
731 2760
732 2656
733 3282
734 3073
735 2656
736 2864
737 3542
738 2813
739 4375
740 3386
741 3542
742 2865
743 2760
744 4583
745 2812
746 2708
747 3177
748 2656
749 2604
750 3385
751 2656
752 2709
753 2917
754 2760
755 2448
756 3125
757 3802
758 3125
759 3072
760 3281
761 2969
762 3282
763 3334
764 3021
765 3020
766 2813
767 3907
768 2865
769 2864
770 3177
771 2761
772 4114
773 3073
774 3020
775 3646
776 3021
777 2916
778 2813
779 2917
780 3333
781 2656
782 3489
783 3490
784 2709
785 3229
786 3281
787 3802
788 2917
789 2969
790 4114
791 2865
792 3073
793 3438
794 4218
795 3281
796 3021
797 4531
798 3021
799 2865
800 3698
801 2864
802 2969
803 3177
804 3229
805 3698
806 3593
807 3021
808 3125
809 2968
810 4323
811 4062
812 2865
813 2865
814 6093
815 3229
816 3177
817 3229
818 3072
819 2865
820 3125
821 3438
822 2917
823 2864
824 3750
825 2864
826 3437
827 5313
828 3177
829 3750
830 3385
831 2813
832 5052
833 2865
834 2813
835 3282
836 3229
837 2969
838 3334
839 2812
840 3541
841 3021
842 2761
843 3020
844 3750
845 2864
846 2917
847 3386
848 2865
849 3229
850 2865
851 2813
852 3073
853 2604
854 3229
855 3125
856 2605
857 2605
858 3073
859 3854
860 2812
861 4114
862 2864
863 2813
864 2969
865 2916
866 2656
867 3333
868 3281
869 3593
870 2813
871 2812
872 3385
873 2864
874 2760
875 3177
876 2760
877 2604
878 4531
879 2916
880 2656
881 2760
882 3021
883 2760
884 2657
885 3125
886 2969
887 3437
888 2812
889 3594
890 3021
891 2656
892 3125
893 2656
894 2708
895 3646
896 2760
897 3385
898 3333
899 2708
900 3385
901 2396
902 3489
903 2656
904 2760
905 3229
906 2709
907 3021
908 2812
909 2656
910 2864
911 2396
912 3125
913 2865
914 2448
915 2552
916 3333
917 2448
918 3125
919 3021
920 3281
921 2657
922 2709
923 3802
924 2656
925 4427
926 3021
927 4115
928 3020
929 2865
930 4011
931 2812
932 3541
933 2812
934 2708
935 2917
936 2604
937 2605
938 2969
939 2552
940 3750
941 3437
942 2552
943 2761
944 2604
945 2448
946 2917
947 2968
948 2396
949 2500
950 2969
951 4062
952 2708
953 2760
954 2917
955 2447
956 6979
957 2917
958 2812
959 3437
960 3854
961 2604
962 2917
963 2448
964 2708
965 2604
966 2395
967 3334
968 2396
969 2395
970 2812
971 2188
972 5156
973 3073
974 2969
975 3489
976 2864
977 3542
978 3489
979 3125
980 2864
981 2813
982 3802
983 2864
984 2917
985 3125
986 2917
987 2656
988 4271
989 2916
990 2813
991 2969
992 3958
993 3073
994 3438
995 4218
996 3021
997 2864
998 2969
999 3229
1000 2812
1001 3229
1002 3334
1003 2761
1004 2813
1005 4427
1006 2813
1007 3854
1008 2813
1009 2812
1010 2968
1011 2708
1012 3646
1013 4219
1014 3021
1015 3907
1016 2865
1017 2968
1018 3750
1019 2760
1020 2656
1021 3385
1022 3229
1023 2656
1024 2709
1025 3646
1026 2760
1027 2656
1028 2969
1029 3333
1030 3333
1031 2761
1032 2552
1033 2917
1034 2396
1035 2969
1036 2864
1037 2396
1038 2396
1039 3333
1040 2604
1041 3385
1042 3385
1043 2656
1044 2604
1045 2917
1046 2448
1047 2761
1048 3072
1049 4219
1050 3073
1051 2865
1052 3177
1053 2813
1054 4166
1055 3125
1056 2812
1057 2656
1058 2760
1059 3073
1060 3334
1061 2761
1062 3334
1063 3073
1064 3229
1065 2656
1066 3073
1067 2552
1068 4011
1069 2657
1070 2761
1071 3229
1072 4167
1073 3749
1074 2969
1075 2708
1076 2864
1077 3021
1078 2657
1079 2552
1080 3698
1081 2604
1082 2604
1083 2812
1084 2552
1085 3281
1086 2657
1087 2656
1088 3177
1089 3281
1090 2604
1091 2656
1092 2813
1093 2709
1094 2709
1095 2917
1096 2604
1097 2553
1098 2500
1099 2708
1100 3125
1101 2448
1102 2812
1103 3386
1104 2657
1105 2813
1106 2969
1107 2552
1108 3802
1109 2656
1110 2604
1111 2760
1112 2656
1113 3021
1114 3386
1115 2395
1116 2552
1117 2500
1118 3177
1119 2448
1120 2395
1121 2865
1122 2240
1123 2604
1124 3750
1125 2709
1126 2656
1127 2969
1128 2500
1129 2865
1130 3697
1131 2448
1132 2604
1133 5000
1134 2969
1135 3333
1136 3385
1137 2812
1138 3958
1139 3177
1140 3333
1141 3021
1142 2865
1143 2760
1144 4062
1145 2812
1146 2656
1147 2812
1148 2656
1149 2552
1150 2708
1151 4322
1152 2656
1153 2761
1154 3177
1155 2760
1156 2448
1157 2968
1158 2604
1159 2396
1160 5989
1161 4167
1162 2761
1163 2657
1164 2917
1165 2656
1166 3125
1167 2969
1168 3177
1169 2761
1170 2657
1171 3646
1172 3594
1173 3073
1174 2812
1175 2552
1176 3125
1177 2447
1178 2917
1179 2396
1180 3177
1181 3125
1182 2448
1183 2396
1184 2708
1185 2188
1186 4271
1187 2500
1188 2552
1189 4167
1190 2448
1191 3333
1192 2604
1193 2500
1194 2552
1195 2500
1196 2292
1197 2656
1198 2968
1199 2240
1200 2188
1201 3281
1202 2761
1203 2239
1204 3958
1205 2812
1206 2604
1207 2916
1208 2760
1209 2448
1210 3385
1211 2656
1212 3437
1213 3177
1214 2552
1215 3073
1216 3073
1217 2604
1218 2448
1219 2552
1220 2864
1221 2552
1222 2395
1223 2760
1224 3281
1225 2604
1226 2448
1227 2813
1228 5261
1229 3124
1230 3021
1231 3489
1232 2813
1233 3177
1234 2969
1235 2864
1236 3385
1237 4062
1238 2864
1239 3281
1240 3437
1241 3177
1242 2812
1243 2760
1244 3438
1245 3438
1246 3802
1247 2865
1248 2812
1249 3541
1250 2865
1251 3281
1252 3281
1253 2865
1254 2865
1255 3177
1256 2708
1257 3177
1258 3177
1259 2604
1260 2604
1261 5937
1262 2917
1263 2812
1264 3281
1265 2969
1266 2760
1267 3073
1268 3542
1269 3698
1270 3072
1271 3229
1272 3646
1273 3334
1274 2865
1275 3125
1276 2657
1277 3698
1278 3021
1279 2709
1280 2604
1281 3021
1282 3177
1283 2708
1284 3542
1285 2656
1286 2604
1287 2812
1288 2604
1289 2448
1290 4948
1291 3073
1292 2969
1293 2968
1294 2865
1295 2813
1296 4427
1297 2709
1298 2761
1299 3854
1300 2916
1301 2864
1302 3229
1303 2865
1304 2657
1305 3229
1306 3594
1307 3125
1308 2917
1309 3020
1310 2656
1311 3021
1312 3386
1313 2968
1314 2656
1315 2656
1316 3385
1317 2656
1318 2604
1319 2969
1320 2500
1321 4323
1322 2708
1323 2604
1324 4791
1325 2656
1326 2604
1327 3177
1328 2812
1329 2552
1330 2708
1331 3750
1332 2448
1333 2448
1334 4062
1335 2604
1336 3906
1337 2656
1338 2605
1339 2917
1340 2604
1341 2448
1342 5677
1343 2864
1344 6197
1345 3072
1346 3229
1347 2656
1348 3958
1349 2864
1350 2812
1351 3125
1352 3437
1353 3229
1354 2604
1355 2604
1356 3490
1357 2760
1358 2708
1359 3021
1360 2396
1361 3646
1362 2657
1363 2552
1364 3854
1365 2760
1366 2396
1367 3020
1368 2396
1369 3073
1370 3177
1371 2761
1372 2709
1373 2917
1374 2552
1375 2552
1376 2761
1377 2552
1378 2865
1379 3750
1380 2604
1381 3854
1382 2917
1383 2552
1384 3072
1385 2656
1386 3698
1387 2656
1388 2760
1389 3125
1390 2552
1391 2396
1392 3020
1393 3073
1394 2500
1395 2448
1396 3750
1397 2656
1398 2812
1399 3021
1400 2447
1401 4427
1402 3021
1403 3333
1404 3229
1405 2708
1406 5104
1407 2708
1408 3229
1409 2969
1410 3333
1411 2812
1412 2917
1413 3177
1414 3385
1415 3177
1416 3229
1417 2812
1418 2604
1419 2604
1420 3125
1421 3125
1422 2604
1423 2604
1424 3020
1425 2552
1426 2448
1427 4219
1428 3958
1429 2604
1430 2969
1431 3333
1432 2708
1433 3177
1434 3281
1435 2760
1436 3489
1437 2604
1438 3021
1439 2448
1440 2968
1441 2552
1442 2604
1443 3802
1444 2709
1445 2761
1446 2865
1447 2395
1448 3177
1449 2396
1450 2500
1451 2552
1452 2968
1453 2448
1454 3333
1455 2500
1456 2447
1457 2552
1458 2396
1459 3229
1460 2760
1461 3646
1462 2656
1463 2760
1464 2968
1465 2604
1466 3072
1467 2552
1468 2500
1469 3333
1470 2448
1471 3490
1472 2500
1473 2604
1474 2552
1475 2916
1476 2240
1477 3125
1478 2396
1479 2395
1480 2760
1481 2240
1482 2761
1483 2344
1484 2187
1485 5573
1486 2864
1487 3073
1488 3386
1489 2864
1490 2812
1491 2916
1492 2604
1493 2656
1494 3125
1495 3645
1496 3438
1497 2604
1498 2865
1499 2396
1500 2865
1501 2969
1502 3385
1503 2812
1504 4948
1505 2969
1506 3072
1507 2813
1508 3282
1509 2604
1510 2708
1511 2917
1512 3230
1513 3229
1514 2500
1515 2604
1516 4063
1517 2656
1518 2760
1519 2916
1520 2604
1521 3541
1522 2709
1523 2812
1524 4062
1525 2396
1526 2396
1527 2761
1528 2657
1529 2604
1530 2865
1531 2813
1532 2552
1533 2761
1534 2188
1535 2916
1536 3125
1537 2500
1538 2552
1539 2865
1540 3021
1541 2500
1542 3177
1543 4062
1544 2865
1545 3698
1546 3385
1547 2969
1548 2864
1549 3437
1550 2708
1551 2864
1552 3229
1553 2708
1554 3385
1555 2708
1556 2813
1557 2604
1558 2500
1559 3646
1560 2864
1561 2656
1562 3750
1563 2604
1564 2656
1565 2865
1566 2448
1567 2708
1568 3021
1569 2499
1570 3542
1571 4479
1572 3020
1573 2969
1574 3385
1575 2812
1576 2812
1577 2865
1578 2656
1579 2552
1580 3125
1581 3437
1582 2552
1583 2917
1584 3281
1585 2760
1586 2708
1587 3021
1588 3438
1589 2656
1590 2656
1591 3490
1592 3281
1593 2708
1594 2447
1595 2344
1596 3021
1597 2969
1598 2604
1599 2864
1600 3073
1601 3177
1602 2813
1603 2604
1604 3125
1605 2500
1606 5364
1607 2708
1608 2604
1609 2864
1610 2448
1611 2396
1612 2552
1613 2708
1614 2447
1615 3698
1616 2604
1617 2552
1618 2709
1619 2188
1620 2968
1621 3333
1622 2448
1623 2396
1624 2552
1625 2968
1626 2656
1627 2969
1628 3177
1629 4479
1630 2656
1631 2604
1632 2968
1633 2448
1634 3177
1635 2657
1636 2552
1637 2969
1638 2448
1639 2552
1640 2709
1641 2240
1642 2656
1643 4218
1644 2448
1645 2552
1646 4323
1647 2344
1648 3073
1649 2448
1650 2187
1651 2916
1652 2292
1653 3698
1654 2812
1655 2604
1656 3125
1657 2395
1658 2917
1659 2448
1660 2396
1661 3489
1662 2448
1663 2552
1664 2865
1665 2448
1666 2396
1667 3438
1668 2760
1669 2604
1670 2865
1671 2708
1672 3230
1673 3073
1674 3125
1675 2395
1676 2552
1677 2708
1678 2812
1679 2396
1680 2396
1681 2864
1682 2552
1683 2239
1684 3385
1685 2500
1686 2604
1687 3333
1688 3020
1689 2396
1690 2812
1691 2552
1692 2239
1693 2500
1694 6250
1695 2239
1696 2656
1697 2969
1698 2500
1699 2448
1700 2864
1701 2448
1702 2396
1703 3125
1704 2500
1705 2604
1706 3541
1707 2500
1708 2396
1709 2657
1710 2188
1711 2656
1712 4375
1713 2292
1714 4010
1715 2760
1716 2864
1717 2292
1718 2917
1719 2291
1720 2344
1721 2344
1722 2187
1723 3229
1724 3646
1725 2447
1726 2396
1727 2864
1728 2396
1729 2708
1730 2916
1731 2239
1732 2240
1733 2552
1734 2552
1735 2291
1736 4739
1737 2709
1738 2656
1739 2865
1740 2657
1741 2448
1742 3021
1743 3021
1744 2656
1745 2447
1746 2552
1747 2812
1748 2708
1749 2500
1750 4010
1751 2656
1752 2552
1753 2552
1754 2344
1755 2917
1756 2761
1757 2761
1758 2448
1759 2500
1760 2968
1761 2552
1762 2239
1763 2656
1764 2917
1765 2188
1766 2239
1767 3125
1768 2448
1769 2813
1770 2969
1771 3750
1772 3177
1773 2552
1774 3490
1775 2500
1776 3386
1777 2657
1778 2657
1779 2708
1780 3021
1781 2604
1782 3177
1783 3333
1784 2656
1785 2604
1786 2968
1787 2552
1788 3698
1789 2917
1790 2500
1791 3281
1792 2761
1793 2865
1794 2448
1795 2552
1796 2656
1797 2240
1798 2865
1799 3645
1800 2656
1801 2656
1802 3177
1803 2813
1804 2500
1805 4532
1806 3021
1807 2500
1808 2500
1809 2813
1810 3021
1811 2604
1812 3021
1813 6458
1814 5156
1815 3124
1816 3073
1817 3489
1818 3646
1819 3072
1820 3542
1821 3438
1822 3385
1823 3125
1824 3020
1825 4115
1826 3281
1827 3490
1828 3125
1829 3021
1830 3333
1831 3021
1832 3334
1833 3021
1834 2812
1835 4739
1836 3177
1837 3073
1838 3437
1839 2864
1840 3698
1841 4114
1842 2865
1843 2864
1844 3125
1845 3958
1846 2968
1847 2865
1848 3021
1849 2708
1850 3229
1851 2968
1852 3125
1853 3333
1854 2656
1855 3281
1856 2708
1857 2656
1858 4270
1859 2969
1860 3282
1861 2865
1862 2968
1863 3646
1864 3125
1865 2917
1866 3749
1867 3958
1868 3750
1869 3125
1870 3073
1871 3229
1872 3125
1873 2969
1874 3229
1875 5104
1876 3229
1877 2917
1878 2969
1879 3958
1880 2968
1881 3438
1882 2969
1883 2916
1884 4635
1885 2761
1886 6562
1887 4687
1888 3490
1889 3073
1890 2916
1891 4479
1892 4166
1893 3333
1894 3750
1895 3333
1896 3073
1897 4271
1898 3489
1899 3073
1900 3073
1901 4011
1902 3021
1903 3177
1904 4062
1905 3021
1906 2969
1907 5989
1908 3229
1909 2969
1910 3125
1911 2969
1912 3907
1913 2761
1914 2917
1915 3593
1916 2813
1917 3334
1918 4375
1919 3073
1920 3021
1921 3438
1922 2968
1923 3437
1924 3229
1925 2812
1926 3333
1927 3490
1928 2812
1929 2760
1930 3229
1931 2760
1932 3958
1933 3125
1934 3073
1935 3073
1936 3697
1937 3229
1938 3437
1939 3125
1940 2812
1941 2916
1942 3073
1943 3750
1944 3021
1945 3021
1946 3281
1947 2969
1948 2864
1949 4479
1950 3229
1951 3073
1952 3438
1953 3802
1954 3229
1955 2969
1956 3282
1957 3021
1958 2864
1959 3073
1960 3438
1961 2969
1962 2969
1963 2917
1964 3230
1965 4583
1966 3021
1967 3125
1968 3282
1969 2813
1970 2761
1971 3697
1972 2761
1973 4844
1974 3021
1975 2969
1976 3854
1977 3020
1978 2812
1979 3177
1980 2813
1981 2604
1982 2917
1983 2917
1984 2656
1985 2604
1986 3438
1987 2656
1988 3386
1989 6094
1990 3021
1991 3073
1992 3385
1993 3698
1994 3698
1995 3750
1996 2969
1997 2917
1998 3646
1999 2865
2000 3489
2001 2969
2002 3386
2003 2969
2004 2760
2005 3020
2006 3333
2007 3177
2008 2812
2009 2813
2010 4584
2011 2761
2012 2604
2013 3177
2014 3177
2015 2916
2016 2604
2017 2604
2018 6458
2019 3021
2020 2969
2021 3125
2022 2812
2023 2656
2024 3021
2025 3073
2026 2656
2027 2552
2028 2916
2029 3125
2030 2813
2031 3281
2032 3229
2033 2917
2034 2760
2035 2605
2036 3021
2037 2604
2038 2396
2039 4323
2040 2864
2041 2812
2042 2969
2043 2604
2044 6458
2045 4375
2046 2813
2047 2656
2048 2604
2049 2865
2050 3281
2051 2812
2052 3073
2053 4843
2054 2865
2055 2865
2056 3177
2057 2656
2058 3229
2059 4166
2060 3021
2061 3021
2062 3385
2063 4844
2064 2812
2065 3177
2066 3437
2067 2969
2068 3698
2069 2917
2070 3490
2071 2864
2072 2917
2073 3125
2074 2969
2075 2761
2076 4479
2077 2865
2078 2760
2079 3177
2080 2604
2081 3386
2082 2657
2083 2605
2084 4375
2085 2864
2086 2813
2087 3386
2088 2813
2089 2760
2090 3177
2091 4011
2092 3073
2093 3073
2094 3437
2095 3021
2096 2865
2097 3541
2098 3281
2099 3021
2100 2865
2101 2812
2102 3229
2103 4532
2104 2865
2105 2865
2106 2656
2107 2916
2108 5209
2109 2917
2110 2968
2111 3437
2112 4115
2113 3021
2114 3073
2115 3281
2116 2969
2117 2813
2118 3177
2119 3542
2120 2968
2121 3646
2122 2916
2123 3489
2124 2917
2125 3438
2126 2864
2127 3281
2128 3021
2129 2604
2130 3021
2131 3541
2132 2969
2133 2813
2134 3593
2135 2917
2136 2761
2137 2865
2138 2708
2139 3020
2140 3750
2141 2812
2142 2708
2143 2552
2144 4062
2145 2812
2146 2813
2147 3229
2148 2917
2149 2657
2150 3750
2151 3698
2152 3698
2153 2969
2154 2968
2155 3073
2156 2812
2157 2760
2158 3177
2159 3802
2160 2656
2161 2552
2162 3542
2163 2656
2164 2917
2165 2760
2166 2708
2167 2864
2168 2604
2169 2552
2170 3073
2171 3021
2172 3907
2173 3386
2174 2812
2175 3177
2176 2656
2177 2968
2178 2813
2179 2708
2180 3333
2181 2656
2182 3125
2183 2812
2184 3490
2185 2605
2186 2396
2187 3645
2188 3177
2189 3177
2190 2656
2191 2709
2192 3646
2193 2604
2194 2604
2195 2552
2196 2604
2197 3698
2198 2605
2199 2396
2200 2448
2201 4011
2202 2657
2203 2448
2204 2864
2205 3125
2206 3489
2207 2865
2208 2813
2209 3073
2210 2656
2211 3125
2212 3802
2213 2656
2214 2657
2215 3229
2216 3281
2217 2916
2218 3333
2219 3281
2220 3437
2221 2708
2222 2604
2223 3542
2224 2396
2225 2969
2226 4167
2227 2864
2228 2865
2229 3386
2230 2865
2231 2708
2232 3333
2233 5052
2234 2865
2235 2708
2236 2760
2237 3750
2238 3073
2239 3021
2240 3282
2241 2708
2242 5313
2243 2968
2244 5573
2245 4063
2246 3073
2247 3125
2248 3698
2249 2968
2250 3177
2251 3333
2252 2969
2253 2813
2254 3749
2255 2969
2256 3437
2257 2812
2258 2813
2259 3229
2260 2917
2261 2605
2262 3073
2263 3229
2264 3541
2265 2865
2266 2813
2267 3334
2268 2760
2269 2656
2270 3125
2271 3021
2272 2604
2273 2552
2274 2968
2275 4635
2276 2969
2277 2812
2278 3021
2279 2604
2280 3073
2281 3073
2282 2709
2283 2604
2284 3542
2285 2604
2286 3438
2287 2969
2288 2604
2289 2605
2290 4063
2291 3073
2292 2917
2293 3438
2294 3749
2295 2813
2296 3334
2297 3385
2298 2968
2299 2760
2300 3438
2301 2865
2302 4166
2303 3333
2304 2865
2305 2760
2306 3229
2307 2761
2308 2605
2309 3229
2310 3750
2311 3333
2312 2968
2313 2760
2314 3646
2315 2864
2316 3333
2317 2917
2318 2761
2319 3125
2320 2760
2321 3385
2322 2604
2323 2604
2324 3334
2325 2761
2326 3698
2327 2812
2328 2969
2329 3802
2330 2813
2331 2605
2332 4740
2333 3229
2334 2812
2335 2760
2336 2656
2337 4843
2338 2552
2339 2448
2340 3802
2341 2657
2342 2865
2343 3281
2344 2656
2345 3334
2346 2865
2347 2864
2348 3229
2349 3021
2350 2656
2351 3125
2352 2864
2353 2552
2354 3541
2355 3333
2356 3802
2357 2865
2358 2969
2359 3281
2360 2812
2361 2708
2362 3333
2363 3750
2364 2864
2365 3021
2366 3229
2367 3438
2368 2812
2369 3594
2370 2813
2371 2864
2372 2916
2373 2760
2374 3646
2375 2604
2376 2604
2377 2917
2378 3698
2379 2760
2380 3438
2381 2604
2382 2761
2383 2708
2384 2552
2385 2916
2386 3021
2387 3229
2388 2605
2389 2604
2390 2917
2391 2552
2392 2448
2393 2968
2394 2969
2395 2552
2396 2396
2397 4427
2398 2865
2399 2813
2400 3072
2401 2657
2402 3542
2403 2812
2404 2604
2405 3802
2406 2656
2407 6510
2408 2969
2409 2604
2410 2448
2411 2864
2412 3333
2413 2708
2414 2604
2415 3177
2416 2709
2417 2448
2418 2864
2419 2969
2420 2396
2421 2396
2422 2813
2423 2969
2424 2448
2425 5365
2426 2708
2427 5572
2428 2968
2429 2708
2430 2396
2431 2864
2432 3073
2433 2553
2434 2396
2435 2968
2436 2969
2437 2448
2438 2812
2439 2969
2440 2395
2441 2344
2442 2709
2443 2343
2444 4219
2445 2917
2446 2864
2447 3281
2448 3333
2449 3594
2450 2604
2451 2708
2452 2760
2453 3125
2454 2761
2455 2604
2456 2917
2457 2552
2458 3646
2459 2708
2460 2812
2461 3333
2462 2656
2463 2604
2464 2812
2465 2552
2466 2969
2467 2448
2468 2500
2469 3594
2470 2708
2471 2604
2472 3593
2473 2448
2474 3593
2475 2760
2476 2813
2477 3698
2478 2864
2479 3229
2480 3281
2481 4062
2482 3073
2483 3020
2484 3542
2485 3177
2486 2865
2487 3229
2488 2865
2489 2864
2490 3750
2491 2916
2492 3802
2493 2968
2494 2812
2495 3125
2496 2968
2497 2813
2498 3073
2499 4115
2500 2917
2501 2812
2502 3125
2503 2865
2504 2656
2505 3437
2506 2708
2507 2916
2508 3906
2509 2917
2510 2865
2511 3489
2512 2760
2513 3385
2514 3281
2515 2865
2516 2709
2517 2657
2518 3124
2519 2709
2520 2657
2521 2969
2522 3229
2523 3020
2524 2917
2525 2760
2526 2968
2527 3906
2528 3021
2529 3021
2530 2709
2531 2969
2532 3125
2533 2709
2534 2813
2535 3698
2536 2812
2537 3490
2538 2657
2539 2604
2540 2865
2541 2552
2542 2865
2543 3594
2544 2708
2545 2812
2546 3593
2547 2761
2548 3334
2549 2812
2550 2656
2551 3021
2552 2604
2553 2812
2554 2760
2555 2448
2556 2395
2557 3177
2558 2552
2559 5312
2560 3177
2561 3073
2562 3229
2563 3177
2564 3073
2565 3385
2566 3489
2567 3177
2568 2916
2569 3698
2570 3489
2571 3698
2572 2968
2573 2865
2574 3333
2575 2708
2576 3489
2577 3021
2578 3073
2579 4011
2580 3489
2581 3073
2582 3021
2583 3177
2584 6094
2585 2760
2586 2969
2587 3177
2588 2708
2589 2656
2590 3073
2591 3229
2592 2812
2593 3125
2594 3333
2595 3333
2596 2916
2597 2917
2598 3334
2599 2865
2600 2760
2601 3489
2602 3125
2603 4687
2604 3437
2605 3021
2606 3437
2607 3646
2608 3334
2609 2917
2610 2864
2611 3177
2612 2864
2613 3385
2614 2708
2615 2656
2616 3594
2617 2709
2618 3386
2619 2760
2620 2812
2621 2812
2622 2656
2623 5156
2624 3021
2625 2968
2626 3386
2627 2917
2628 2708
2629 2708
2630 3177
2631 3020
2632 2760
2633 4115
2634 3021
2635 3177
2636 3072
2637 2761
2638 3282
2639 4322
2640 3073
2641 3021
2642 3282
2643 2969
2644 3125
2645 3385
2646 2864
2647 2812
2648 4010
2649 2865
2650 2813
2651 2761
2652 2916
2653 3594
2654 2969
2655 2968
2656 3333
2657 2656
2658 3177
2659 3020
2660 2656
2661 2656
2662 3073
2663 4636
2664 2865
2665 2812
2666 2656
2667 2916
2668 3229
2669 2864
2670 2760
2671 3698
2672 2760
2673 2604
2674 2865
2675 2656
2676 2812
2677 3802
2678 2865
2679 2864
2680 3177
2681 2657
2682 3073
2683 2813
2684 2761
2685 3490
2686 2709
2687 3698
2688 2812
2689 2969
2690 3073
2691 2656
2692 3594
2693 2656
2694 2656
2695 3750
2696 2812
2697 2761
2698 3125
2699 2864
2700 2604
2701 2864
2702 3177
2703 3333
2704 2708
2705 2760
2706 2812
2707 2760
2708 2656
2709 3073
2710 2500
2711 2552
2712 4739
2713 3021
2714 3021
2715 3125
2716 2656
2717 3073
2718 3333
2719 2864
2720 2812
2721 2604
2722 4271
2723 2657
2724 2552
2725 3437
2726 2760
2727 2656
2728 3438
2729 2813
2730 2605
2731 2969
2732 2604
2733 4479
2734 2500
2735 2552
2736 4062
2737 2448
2738 2448
2739 2968
2740 2396
2741 4635
2742 2864
2743 2656
2744 3958
2745 2656
2746 2604
2747 2916
2748 3073
2749 2604
2750 2448
2751 4271
2752 3802
2753 2865
2754 3385
2755 3020
2756 2708
2757 3229
2758 3333
2759 2969
2760 2708
2761 2709
2762 2969
2763 4218
2764 2709
2765 2656
2766 3021
2767 5885
2768 2813
2769 2917
2770 3750
2771 2760
2772 2656
2773 3072
2774 2656
2775 2500
2776 2916
2777 3021
2778 2656
2779 3333
2780 2552
2781 4115
2782 2916
2783 2865
2784 4531
2785 2916
2786 7760
2787 2761
2788 2812
2789 3750
2790 2865
2791 3281
2792 3333
2793 2864
2794 2760
2795 2656
2796 2917
2797 3334
2798 3021
2799 3229
2800 2864
2801 2708
2802 3593
2803 2865
2804 3697
2805 3750
2806 3698
2807 3020
2808 2708
2809 3333
2810 3021
2811 2708
2812 2864
2813 4375
2814 3125
2815 2865
2816 3177
2817 3229
2818 2969
2819 2812
2820 663163
2821 5886
2822 2500
2823 4063
2824 2917
2825 2656
2826 3854
2827 10781
2828 2761
2829 3177
2830 2917
2831 3177
2832 2552
2833 2396
2834 4895
2835 2708
2836 2813
2837 3907
2838 2448
2839 2864
2840 2500
2841 7187
2842 8854
2843 2760
2844 3125
2845 3072
2846 2448
2847 2396
2848 2761
2849 3125
2850 3386
2851 2500
2852 2396
2853 3333
2854 2500
2855 3177
2856 3177
2857 5469
2858 2656
2859 2604
2860 3386
2861 2447
2862 4635
2863 2500
2864 2552
2865 2864
2866 3125
2867 2500
2868 4532
2869 2865
2870 2552
2871 2396
2872 2657
2873 2344
2874 2968
2875 2344
2876 2292
2877 3281
2878 2395
2879 3438
2880 2605
2881 2552
2882 2708
2883 2239
2884 2813
2885 6198
2886 2708
2887 2656
2888 3021
2889 2604
2890 2448
2891 3333
2892 2552
2893 2448
2894 2865
2895 2500
2896 2604
2897 2604
2898 2448
2899 6927
2900 2916
2901 2864
2902 3438
2903 2865
2904 3750
2905 2605
2906 3438
2907 2864
2908 3177
2909 2813
2910 2552
2911 3177
2912 2604
2913 2552
2914 4062
2915 2760
2916 2917
2917 2605
2918 2813
2919 2916
2920 2552
2921 2500
2922 2865
2923 3021
2924 2708
2925 2656
2926 3073
2927 2656
2928 2656
2929 5886
2930 2709
2931 2604
2932 3542
2933 2604
2934 2552
2935 2917
2936 2969
2937 2552
2938 2448
2939 2708
2940 4531
2941 2500
2942 3073
2943 3021
2944 2864
2945 2656
2946 2396
2947 2813
2948 2553
2949 2240
2950 3646
2951 2552
2952 2448
2953 4115
2954 2760
2955 2812
2956 3177
2957 3854
2958 3177
2959 2656
2960 2500
2961 2500
2962 3333
2963 2500
2964 622591
2965 8386
2966 3802
2967 3334
2968 2969
2969 3490
2970 2865
2971 2813
2972 3385
2973 6822
2974 2917
2975 4739
2976 2657
2977 2969
2978 4114
2979 3021
2980 2864
2981 3438
2982 2865
2983 2708
2984 3178
2985 3229
2986 2969
2987 2656
2988 2761
2989 3750
2990 3177
2991 3646
2992 3281
2993 2760
2994 3281
2995 5520
2996 3282
2997 2917
2998 3281
2999 3854
3000 3021
3001 2864
3002 2709
3003 2917
3004 4218
3005 3021
3006 2812
3007 2604
3008 3541
3009 2865
3010 3490
3011 2812
3012 3542
3013 2917
3014 2395
3015 3698
3016 2864
3017 2760
3018 3386
3019 4532
3020 3073
3021 3021
3022 3072
3023 2761
3024 2969
3025 4270
3026 2604
3027 3958
3028 2708
3029 2604
3030 2396
3031 2865
3032 2917
3033 2552
3034 2396
3035 3646
3036 3594
3037 2604
3038 3020
3039 2448
3040 5572
3041 2917
3042 2969
3043 3438
3044 2865
3045 2812
3046 3802
3047 3020
3048 2656
3049 2812
3050 3594
3051 2864
3052 2708
3053 3021
3054 2552
3055 3698
3056 3437
3057 2708
3058 2604
3059 3124
3060 3334
3061 2709
3062 3177
3063 43333
3064 9114
3065 3437
3066 2813
3067 3177
3068 2813
3069 2657
3070 3281
3071 2656
3072 2552
3073 5000
3074 3750
3075 2761
3076 2657
3077 3073
3078 24635
3079 4635
3080 2865
3081 2761
3082 3177
3083 3177
3084 2656
3085 2604
3086 3021
3087 2552
3088 3073
3089 2864
3090 2396
3091 2448
3092 3229
3093 2500
3094 3542
3095 2656
3096 2656
3097 2864
3098 2448
3099 2969
3100 3177
3101 2448
3102 2552
3103 2865
3104 3020
3105 2448
3106 3021
3107 2604
3108 2552
3109 2761
3110 2344
3111 5469
3112 3282
3113 3073
3114 3333
3115 2917
3116 3646
3117 3333
3118 3541
3119 3073
3120 5833
3121 3073
3122 3021
3123 3333
3124 2812
3125 5104
3126 3073
3127 3020
3128 3489
3129 3542
3130 3749
3131 3073
3132 3281
3133 2813
3134 2812
3135 3229
3136 2709
3137 2812
3138 3072
3139 3333
3140 2865
3141 3490
3142 3385
3143 3802
3144 2916
3145 2865
3146 4323
3147 2708
3148 3333
3149 2865
3150 2656
3151 3021
3152 2500
3153 3386
3154 2865
3155 2812
3156 4427
3157 3334
3158 2865
3159 3437
3160 2708
3161 3073
3162 2864
3163 2657
3164 3281
3165 4219
3166 2968
3167 3021
3168 3334
3169 2865
3170 2760
3171 3593
3172 2917
3173 2916
3174 3281
3175 2708
3176 3177
3177 3282
3178 2865
3179 2812
3180 2812
3181 5208
3182 2812
3183 3385
3184 3385
3185 4114
3186 3594
3187 2656
3188 3177
3189 2760
3190 2500
3191 3802
3192 2708
3193 2760
3194 3073
3195 2813
3196 2552
3197 4896
3198 2448
3199 2448
3200 2969
3201 4948
3202 3125
3203 2969
3204 3021
3205 3021
3206 3489
3207 2917
3208 2864
3209 3333
3210 4219
3211 2812
3212 2760
3213 3177
3214 2760
3215 2760
3216 3802
3217 2865
3218 2760
3219 2969
3220 2760
3221 4322
3222 3229
3223 2917
3224 2708
3225 2552
3226 2969
3227 4062
3228 3021
3229 3750
3230 25208
3231 3125
3232 8698
3233 3021
3234 2917
3235 3281
3236 3958
3237 3229
3238 2760
3239 3021
3240 2761
3241 3021
3242 3177
3243 2605
3244 2708
3245 3698
3246 3333
3247 2656
3248 3177
3249 16926
3250 2656
3251 2812
3252 2552
3253 4271
3254 2865
3255 2812
3256 3177
3257 2708
3258 4687
3259 3281
3260 2916
3261 2760
3262 2552
3263 6198
3264 2812
3265 3021
3266 3334
3267 2969
3268 2604
3269 3020
3270 2604
3271 2708
3272 3021
3273 3281
3274 2656
3275 3229
3276 2708
3277 2500
3278 3021
3279 2552
3280 2396
3281 3125
3282 7135
3283 2708
3284 2552
3285 2916
3286 3281
3287 2656
3288 3125
3289 2604
3290 2708
3291 2917
3292 2396
3293 2969
3294 3073
3295 2552
3296 2552
3297 2969
3298 3021
3299 4375
3300 3645
3301 2604
3302 2604
3303 2760
3304 2499
3305 4636
3306 3594
3307 2656
3308 2656
3309 3541
3310 2656
3311 3229
3312 3229
3313 3490
3314 2969
3315 3750
3316 3073
3317 2604
3318 4114
3319 2604
3320 2708
3321 2760
3322 3281
3323 2760
3324 3229
3325 3333
3326 3645
3327 2760
3328 2708
3329 3021
3330 2604
3331 5833
3332 2969
3333 2761
3334 3177
3335 2761
3336 2604
3337 3698
3338 26718
3339 2552
3340 2708
3341 3645
3342 2761
3343 2604
3344 2396
3345 2708
3346 3698
3347 2656
3348 2552
3349 3542
3350 2760
3351 3281
3352 2604
3353 2709
3354 3072
3355 2552
3356 2500
3357 2916
3358 2500
3359 2500
3360 3959
3361 2813
3362 4114
3363 3229
3364 2708
3365 2448
3366 2969
3367 5260
3368 2760
3369 2761
3370 3021
3371 2552
3372 2500
3373 2917
3374 2396
3375 2344
3376 2760
3377 2396
3378 2864
3379 2448
3380 2552
3381 2865
3382 2344
3383 2708
3384 2812
3385 2760
3386 2552
3387 4166
3388 3281
3389 5469
3390 2812
3391 2812
3392 3073
3393 2761
3394 2865
3395 2864
3396 2708
3397 4427
3398 2760
3399 2604
3400 2916
3401 2396
3402 4791
3403 2604
3404 2708
3405 2812
3406 2396
3407 2916
3408 2969
3409 2344
3410 2343
3411 3125
3412 3750
3413 2656
3414 2552
3415 2969
3416 2396
3417 2656
3418 2552
3419 2396
3420 2916
3421 2969
3422 3646
3423 2344
3424 2969
3425 2552
3426 2240
3427 5834
3428 2604
3429 2917
3430 2604
3431 2552
3432 2969
3433 3542
3434 2396
3435 3906
3436 3125
3437 2448
3438 2343
3439 2917
3440 2448
3441 2344
3442 2552
3443 2916
3444 2760
3445 2552
3446 2500
3447 3177
3448 2448
3449 3333
3450 2552
3451 2552
3452 2344
3453 2187
3454 2864
3455 2187
3456 2292
3457 2657
3458 3073
3459 2604
3460 3698
3461 3020
3462 2448
3463 2396
3464 5781
3465 2865
3466 2761
3467 3073
3468 2760
3469 2604
3470 2500
3471 3229
3472 2657
3473 4531
3474 3229
3475 2760
3476 2708
3477 3021
3478 2709
3479 2552
3480 3073
3481 5261
3482 2604
3483 2760
3484 2969
3485 3229
3486 2813
3487 3437
3488 3385
3489 2760
3490 2604
3491 2760
3492 3854
3493 2500
3494 3073
3495 3073
3496 2552
3497 2344
3498 3281
3499 2448
3500 2917
3501 3959
3502 2761
3503 3438
3504 2864
3505 2604
3506 3854
3507 3125
3508 3125
3509 2552
3510 2395
3511 2344
3512 2760
3513 2239
3514 2656
3515 2968
3516 2865
3517 2657
3518 2396
3519 3541
3520 3490
3521 2605
3522 2917
3523 3229
3524 2396
3525 3229
3526 2500
3527 2500
3528 3437
3529 2448
3530 44791
3531 9427
3532 2448
3533 2656
3534 2812
3535 2969
3536 3906
3537 2552
3538 2813
3539 2396
3540 2344
3541 2760
3542 2969
3543 2240
3544 2188
3545 2657
3546 27812
3547 2396
3548 2969
3549 3802
3550 3854
3551 2604
3552 3073
3553 2448
3554 3073
3555 2448
3556 2552
3557 2760
3558 3333
3559 2448
3560 2500
3561 2812
3562 2396
3563 2395
3564 3490
3565 3177
3566 3124
3567 2500
3568 2552
3569 2968
3570 3281
3571 2656
3572 3229
3573 3124
3574 3281
3575 2656
3576 2604
3577 3125
3578 2604
3579 2605
3580 3333
3581 2448
3582 2605
3583 3750
3584 2813
3585 2761
3586 5417
3587 2448
3588 3958
3589 2656
3590 2812
3591 3073
3592 2812
3593 3229
3594 3177
3595 2552
3596 2552
3597 4896
3598 2708
3599 2448
3600 3021
3601 2396
3602 2552
3603 3281
3604 2448
3605 2344
3606 2656
3607 2396
3608 5312
3609 2448
3610 2448
3611 2552
3612 2344
3613 2291
3614 3333
3615 2344
3616 2187
3617 4531
3618 2447
3619 2396
3620 2760
3621 2396
3622 2761
3623 2865
3624 2239
3625 2187
3626 2448
3627 2084
3628 2709
3629 3334
3630 2604
3631 2188
3632 2344
3633 2500
3634 4167
3635 2448
3636 3125
3637 2656
3638 2500
3639 2969
3640 2344
3641 2709
3642 2188
3643 2343
3644 3177
3645 2239
3646 2708
3647 4166
3648 2656
3649 2604
3650 3021
3651 2552
3652 2396
3653 3073
3654 3073
3655 2448
3656 2396
3657 3020
3658 4844
3659 2448
3660 2396
3661 2968
3662 2396
3663 2291
3664 3437
3665 2552
3666 2708
3667 3125
3668 2656
3669 4479
3670 2552
3671 2396
3672 2552
3673 2240
3674 2917
3675 2760
3676 2396
3677 2136
3678 5469
3679 2812
3680 2917
3681 2969
3682 2604
3683 2864
3684 3281
3685 2760
3686 2604
3687 2552
3688 3021
3689 3229
3690 2760
3691 3177
3692 3334
3693 2761
3694 2604
3695 2708
3696 3125
3697 2604
3698 2396
3699 3021
3700 4011
3701 3333
3702 2656
3703 2604
3704 3125
3705 36041
3706 13906
3707 3125
3708 3230
3709 2604
3710 2448
3711 2916
3712 3333
3713 4166
3714 2760
3715 2344
3716 3020
3717 3958
3718 2865
3719 2865
3720 3177
3721 2656
3722 2448
3723 3281
3724 3333
3725 3073
3726 2708
3727 2709
3728 3646
3729 2708
3730 2552
3731 2865
3732 2396
3733 2968
3734 3229
3735 2760
3736 2604
3737 2604
3738 2864
3739 4844
3740 2605
3741 3438
3742 2709
3743 2604
3744 2709
3745 2500
3746 2239
3747 4167
3748 2656
3749 2864
3750 4896
3751 2604
3752 3385
3753 2448
3754 2552
3755 5208
3756 2813
3757 2865
3758 3282
3759 2813
3760 2657
3761 2969
3762 3125
3763 4999
3764 2760
3765 2656
3766 4375
3767 2604
3768 2604
3769 2604
3770 2864
3771 2969
3772 2448
3773 2343
3774 4635
3775 2604
3776 2396
3777 2969
3778 2396
3779 2396
3780 3593
3781 2500
3782 2604
3783 2708
3784 2344
3785 2760
3786 2864
3787 2552
3788 2239
3789 2187
3790 3437
3791 2604
3792 2500
3793 2968
3794 2396
3795 2239
3796 3802
3797 2604
3798 2552
3799 3385
3800 2500
3801 3073
3802 3073
3803 3802
3804 3020
3805 2917
3806 3229
3807 2865
3808 2656
3809 3698
3810 2760
3811 2761
3812 3333
3813 2604
3814 2604
3815 3021
3816 2657
3817 2709
3818 4011
3819 2656
3820 2604
3821 4323
3822 2448
3823 3229
3824 2448
3825 2864
3826 2656
3827 2604
3828 3646
3829 2656
3830 2656
3831 3177
3832 2760
3833 2448
3834 3125
3835 3177
3836 4948
3837 2865
3838 2656
3839 3750
3840 2709
3841 3229
3842 3281
3843 2969
3844 5573
3845 2656
3846 3177
3847 2604
3848 2604
3849 4427
3850 3229
3851 2604
3852 2708
3853 2604
3854 2969
3855 3020
3856 2656
3857 2917
3858 3021
3859 2500
3860 2552
3861 2917
3862 2344
3863 6406
3864 2864
3865 2812
3866 3073
3867 36353
3868 4375
3869 2708
3870 2813
3871 3645
3872 3073
3873 2864
3874 3385
3875 2865
3876 2657
3877 3125
3878 2656
3879 5052
3880 2864
3881 7239
3882 3178
3883 30208
3884 2917
3885 3229
3886 2656
3887 2761
3888 3073
3889 2448
3890 3125
3891 3177
3892 2604
3893 2395
3894 2604
3895 4896
3896 3177
3897 2969
3898 2865
3899 3020
3900 3438
3901 2917
3902 2812
3903 2916
3904 3802
3905 2864
3906 3333
3907 3021
3908 2760
3909 3177
3910 3646
3911 3281
3912 4062
3913 2969
3914 2761
3915 3021
3916 2552
3917 3385
3918 4062
3919 2708
3920 4948
3921 3021
3922 2968
3923 4219
3924 2657
3925 3334
3926 3907
3927 2865
3928 2812
3929 3489
3930 3281
3931 2916
3932 3438
3933 3490
3934 3073
3935 2813
3936 3593
3937 3437
3938 2761
3939 2656
3940 3281
3941 2812
3942 4219
3943 3073
3944 4739
3945 2916
3946 3386
3947 2604
3948 2552
3949 2760
3950 2604
3951 2447
3952 2813
3953 4375
3954 2865
3955 3802
3956 3073
3957 2760
3958 2708
3959 3125
3960 3072
3961 2761
3962 3229
3963 4323
3964 2708
3965 2916
3966 2448
3967 3541
3968 3698
3969 2604
3970 3125
3971 3594
3972 2604
3973 2708
3974 3124
3975 2708
3976 2396
3977 2865
3978 2916
3979 2552
3980 2500
3981 3646
3982 3542
3983 2709
3984 3125
3985 2448
3986 4062
3987 2812
3988 4271
3989 3229
3990 2812
3991 2760
3992 3281
3993 3229
3994 2812
3995 2656
3996 2604
3997 3281
3998 5260
3999 2656
4000 2760
4001 2916
4002 2552
4003 3333
4004 2812
4005 2917
4006 3073
4007 3750
4008 2968
4009 3854
4010 4479
4011 2760
4012 3229
4013 3177
4014 2552
4015 2708
4016 3437
4017 2969
4018 3177
4019 2656
4020 2708
4021 2917
4022 2604
4023 3854
4024 2917
4025 2604
4026 2916
4027 3177
4028 2657
4029 3334
4030 3125
4031 2604
4032 2604
4033 3021
4034 3437
4035 3229
4036 2969
4037 2552
4038 3854
4039 2656
4040 2604
4041 3125
4042 2604
4043 2448
4044 3386
4045 2500
4046 2396
4047 4011
4048 35781
4049 4688
4050 2448
4051 2396
4052 2917
4053 2395
4054 7344
4055 2864
4056 2968
4057 2917
4058 2812
4059 2760
4060 3177
4061 2813
4062 4636
4063 3802
4064 6823
4065 2760
4066 2865
4067 2448
4068 3698
4069 2812
4070 2604
4071 2917
4072 2448
4073 3386
4074 2448
4075 3177
4076 3229
4077 2812
4078 2761
4079 3333
4080 2760
4081 2604
4082 4739
4083 4531
4084 2917
4085 3437
4086 4063
4087 2709
4088 4114
4089 2812
4090 2604
4091 2969
4092 3698
4093 2917
4094 2761
4095 3125
4096 2448
4097 2812
4098 4010
4099 2604
4100 2708
4101 3177
4102 2552
4103 2396
4104 3125
4105 3125
4106 2708
4107 2396
4108 2343
4109 3177
4110 2500
4111 2344
4112 2656
4113 2187
4114 3593
4115 2604
4116 3802
4117 2968
4118 2500
4119 3333
4120 2656
4121 2656
4122 3072
4123 2604
4124 2448
4125 2969
4126 3073
4127 2604
4128 2396
4129 2916
4130 6094
4131 2813
4132 2552
4133 3802
4134 2656
4135 4948
4136 2552
4137 2448
4138 2812
4139 3281
4140 2604
4141 3177
4142 2552
4143 2344
4144 2552
4145 2292
4146 5469
4147 4218
4148 2656
4149 2344
4150 2864
4151 2344
4152 2344
4153 2812
4154 2656
4155 2292
4156 3230
4157 2448
4158 2500
4159 2864
4160 2396
4161 3490
4162 2656
4163 2605
4164 5104
4165 4427
4166 2969
4167 3334
4168 2812
4169 2656
4170 5104
4171 2812
4172 2708
4173 3438
4174 2812
4175 3385
4176 3177
4177 5000
4178 2812
4179 2604
4180 3177
4181 2656
4182 2447
4183 3021
4184 3750
4185 2709
4186 2605
4187 3542
4188 2656
4189 3437
4190 30989
4191 2865
4192 3021
4193 2500
4194 3385
4195 2604
4196 2656
4197 2969
4198 2708
4199 4687
4200 2656
4201 2604
4202 2761
4203 2605
4204 3125
4205 3125
4206 5208
4207 2500
4208 3021
4209 3125
4210 2500
4211 4687
4212 3021
4213 2500
4214 2865
4215 3229
4216 3594
4217 4167
4218 2813
4219 3698
4220 2500
4221 2448
4222 3490
4223 2500
4224 5312
4225 3489
4226 2656
4227 2656
4228 3073
4229 2761
4230 2605
4231 3438
4232 2447
4233 2396
4234 4531
4235 3021
4236 2917
4237 3281
4238 2864
4239 2708
4240 4219
4241 3229
4242 2708
4243 2865
4244 3593
4245 2865
4246 3230
4247 3229
4248 3854
4249 2864
4250 3125
4251 2656
4252 2447
4253 3594
4254 2708
4255 2656
4256 5625
4257 2709
4258 2813
4259 2500
4260 3073
4261 3073
4262 2708
4263 2500
4264 3334
4265 3020
4266 3854
4267 2865
4268 2813
4269 3230
4270 2917
4271 2708
4272 5417
4273 2864
4274 2708
4275 3698
4276 2708
4277 4115
4278 4427
4279 3177
4280 3177
4281 3594
4282 3854
4283 5000
4284 3021
4285 3021
4286 3490
4287 4166
4288 3594
4289 3646
4290 3021
4291 2865
4292 2864
4293 3125
4294 2865
4295 3437
4296 3958
4297 2812
4298 2969
4299 3177
4300 2657
4301 3594
4302 2760
4303 3333
4304 2917
4305 45781
4306 8697
4307 4948
4308 3282
4309 2709
4310 3749
4311 2969
4312 4010
4313 3177
4314 2656
4315 3177
4316 2813
4317 2813
4318 3334
4319 2865
4320 25312
4321 3958
4322 2708
4323 2604
4324 3020
4325 3802
4326 2865
4327 2604
4328 3229
4329 5156
4330 2864
4331 2864
4332 3281
4333 2969
4334 2709
4335 3177
4336 2865
4337 2813
4338 3541
4339 2656
4340 3333
4341 3281
4342 2864
4343 2604
4344 2656
4345 2969
4346 2604
4347 2969
4348 3021
4349 3489
4350 2865
4351 2709
4352 3229
4353 2656
4354 2604
4355 2552
4356 4688
4357 2657
4358 6667
4359 2969
4360 3021
4361 2969
4362 2865
4363 2812
4364 3177
4365 2708
4366 2604
4367 3072
4368 2656
4369 2448
4370 3177
4371 3282
4372 3125
4373 2708
4374 2812
4375 3021
4376 3645
4377 2708
4378 2656
4379 2604
4380 4583
4381 2917
4382 2552
4383 2448
4384 3020
4385 4948
4386 2708
4387 2812
4388 3073
4389 2812
4390 2500
4391 3177
4392 3750
4393 2864
4394 2708
4395 3802
4396 2708
4397 3750
4398 2708
4399 2760
4400 2760
4401 2604
4402 2448
4403 2917
4404 3021
4405 2552
4406 2605
4407 4583
4408 2448
4409 2448
4410 3021
4411 2291
4412 7292
4413 3230
4414 3073
4415 3594
4416 3177
4417 4896
4418 2812
4419 3385
4420 3021
4421 3489
4422 2864
4423 2865
4424 3177
4425 3594
4426 3229
4427 5312
4428 2865
4429 2656
4430 3021
4431 3333
4432 2708
4433 3646
4434 2864
4435 4427
4436 3385
4437 3020
4438 2656
4439 4115
4440 4584
4441 3073
4442 3177
4443 2656
4444 3489
4445 2917
4446 2657
4447 3073
4448 6458
4449 4010
4450 2708
4451 2656
4452 2917
4453 3021
4454 3906
4455 2656
4456 2656
4457 3542
4458 5104
4459 2864
4460 4010
4461 2865
4462 2865
4463 4843
4464 2865
4465 2917
4466 3645
4467 2865
4468 2813
4469 3750
4470 5625
4471 5313
4472 2968
4473 3854
4474 2917
4475 2708
4476 4583
4477 3333
4478 2917
4479 39114
4480 3125
4481 2812
4482 3386
4483 2656
4484 3177
4485 3437
4486 2813
4487 2656
4488 2656
4489 5208
4490 2708
4491 3125
4492 5052
4493 2969
4494 3177
4495 2760
4496 3333
4497 2812
4498 2448
4499 6250
4500 2865
4501 2865
4502 2760
4503 2447
4504 3437
4505 4115
4506 2865
4507 2500
4508 2552
4509 3281
4510 2656
4511 3438
4512 3645
4513 3958
4514 2865
4515 3645
4516 2760
4517 3073
4518 4948
4519 3281
4520 2709
4521 2657
4522 3542
4523 2708
4524 3333
4525 3229
4526 3646
4527 3125
4528 2916
4529 3490
4530 2864
4531 3594
4532 3386
4533 3333
4534 2916
4535 2760
4536 5312
4537 3594
4538 2656
4539 3489
4540 2865
4541 4636
4542 2864
4543 2656
4544 4323
4545 2708
4546 2656
4547 2917
4548 9218
4549 3385
4550 3177
4551 3229
4552 2916
4553 3177
4554 2812
4555 2916
4556 3958
4557 2969
4558 2760
4559 3177
4560 2916
4561 2760
4562 4167
4563 2813
4564 2916
4565 4167
4566 2969
4567 2968
4568 3229
4569 2604
4570 3229
4571 3333
4572 2812
4573 2604
4574 2708
4575 3177
4576 4115
4577 2864
4578 2812
4579 2760
4580 3125
4581 4375
4582 4584
4583 2812
4584 3229
4585 2760
4586 2708
4587 3125
4588 3021
4589 2604
4590 5468
4591 5052
4592 4323
4593 2760
4594 3177
4595 2604
4596 3125
4597 3177
4598 3854
4599 2864
4600 4427
4601 3490
4602 2864
4603 3489
4604 2812
4605 2708
4606 3229
4607 2656
4608 6146
4609 2813
4610 2917
4611 2916
4612 2604
4613 80415
4614 3385
4615 2656
4616 2813
4617 6250
4618 2760
4619 2552
4620 2865
4621 2448
4622 53488
4623 3229
4624 2656
4625 4219
4626 3177
4627 2813
4628 3229
4629 3282
4630 2813
4631 2605
4632 2604
4633 3021
4634 2448
4635 5365
4636 2656
4637 2396
4638 5990
4639 2448
4640 4531
4641 3750
4642 2656
4643 2761
4644 3177
4645 2968
4646 2656
4647 3177
4648 7552
4649 2864
4650 2864
4651 3490
4652 2864
4653 5156
4654 2864
4655 2656
4656 3073
4657 3385
4658 2812
4659 2656
4660 3073
4661 2552
4662 4479
4663 4219
4664 2812
4665 6458
4666 2864
4667 3125
4668 3645
4669 2761
4670 2917
4671 3333
4672 2604
4673 2708
4674 3802
4675 4584
4676 4114
4677 2917
4678 4636
4679 3385
4680 2656
4681 3749
4682 3594
4683 2864
4684 2969
4685 3906
4686 3021
4687 3489
4688 3489
4689 3125
4690 2812
4691 4114
4692 3438
4693 3073
4694 2760
4695 3542
4696 2656
4697 2604
4698 3906
4699 2812
4700 3229
4701 4583
4702 3073
4703 2604
4704 2604
4705 2864
4706 2448
4707 3020
4708 3438
4709 2657
4710 2709
4711 4063
4712 2604
4713 2760
4714 3281
4715 3021
4716 2812
4717 2864
4718 2396
4719 2604
4720 4791
4721 3021
4722 2500
4723 4115
4724 2864
4725 2656
4726 3021
4727 2448
4728 5052
4729 2448
4730 2448
4731 2552
4732 2188
4733 3802
4734 2448
4735 2396
4736 2552
4737 3802
4738 2656
4739 2864
4740 2969
4741 2604
4742 6563
4743 2969
4744 2604
4745 2448
4746 4792
4747 2864
4748 2969
4749 3438
4750 2865
4751 2656
4752 2865
4753 3333
4754 2916
4755 2760
4756 2604
4757 3698
4758 2656
4759 2761
4760 3073
4761 2604
4762 2448
4763 4167
4764 2656
4765 44165
4766 3229
4767 2500
4768 3750
4769 2865
4770 2604
4771 2605
4772 2396
4773 2865
4774 3542
4775 2708
4776 2812
4777 3021
4778 2604
4779 9010
4780 26406
4781 3021
4782 3073
4783 2657
4784 4844
4785 3385
4786 2760
4787 2760
4788 2656
4789 3437
4790 2812
4791 3125
4792 3593
4793 2813
4794 3021
4795 3333
4796 2552
4797 2969
4798 3958
4799 2656
4800 2604
4801 3021
4802 2552
4803 4063
4804 2604
4805 2396
4806 2760
4807 4010
4808 2812
4809 2604
4810 3281
4811 2657
4812 2605
4813 3177
4814 2604
4815 2709
4816 3021
4817 2604
4818 2968
4819 4479
4820 2656
4821 2396
4822 2552
4823 2865
4824 2239
4825 3333
4826 2448
4827 2605
4828 3333
4829 2604
4830 3698
4831 2657
4832 2604
4833 3021
4834 2552
4835 2969
4836 3072
4837 2604
4838 2552
4839 2500
4840 3021
4841 3073
4842 2552
4843 4323
4844 3646
4845 2656
4846 2656
4847 3125
4848 2448
4849 3072
4850 2396
4851 2500
4852 3802
4853 2448
4854 2500
4855 2761
4856 2188
4857 3385
4858 2604
4859 2396
4860 3229
4861 2395
4862 2396
4863 2604
4864 2813
4865 2343
4866 2344
4867 2865
4868 2291
4869 3906
4870 2813
4871 2604
4872 3177
4873 2604
4874 2864
4875 3177
4876 2760
4877 2552
4878 2396
4879 3437
4880 2448
4881 3281
4882 2500
4883 2604
4884 2552
4885 2240
4886 4635
4887 2812
4888 2812
4889 2760
4890 2448
4891 4374
4892 3282
4893 2709
4894 2448
4895 2552
4896 4010
4897 2708
4898 2812
4899 2969
4900 2656
4901 2656
4902 3750
4903 2864
4904 2812
4905 3333
4906 2657
4907 4115
4908 2968
4909 2969
4910 3125
4911 2917
4912 2657
4913 3594
4914 4010
4915 2812
4916 3854
4917 2760
4918 2604
4919 3073
4920 2448
4921 2708
4922 3593
4923 2604
4924 2760
4925 3437
4926 2813
4927 3386
4928 3281
4929 2969
4930 2604
4931 2761
4932 3177
4933 2448
4934 3542
4935 2448
4936 2396
4937 2552
4938 5157
4939 7916
4940 2760
4941 2448
4942 2709
4943 3073
4944 2396
4945 2552
4946 3334
4947 2657
4948 2396
4949 2812
4950 2396
4951 2343
4952 3698
4953 2656
4954 2656
4955 2917
4956 2656
4957 21094
4958 2708
4959 2709
4960 2605
4961 3958
4962 2709
4963 2657
4964 2917
4965 2604
4966 4636
4967 2968
4968 2812
4969 3386
4970 2813
4971 2761
4972 3281
4973 3125
4974 2708
4975 4375
4976 3281
4977 2812
4978 2604
4979 3177
4980 2604
4981 2396
4982 3021
4983 3281
4984 3541
4985 2656
4986 2604
4987 2864
4988 2552
4989 3438
4990 2552
4991 2552
4992 3282
4993 2656
4994 2552
4995 3073
4996 2552
4997 3125
4998 5312
4999 2865
5000 2708
5001 2864
5002 2448
5003 3490
5004 2447
5005 2552
5006 2552
5007 2813
5008 2448
5009 3437
5010 2396
5011 2344
5012 2552
5013 2188
5014 2916
5015 4791
5016 2604
5017 2813
5018 3125
5019 2812
5020 2396
5021 2968
5022 5208
5023 2604
5024 5156
5025 3177
5026 2969
5027 2500
5028 4219
5029 2812
5030 2761
5031 2761
5032 2552
5033 4427
5034 2708
5035 2812
5036 2917
5037 5104
5038 2969
5039 3385
5040 3281
5041 2760
5042 2656
5043 2969
5044 2448
5045 3385
5046 2656
5047 2500
5048 3334
5049 2448
5050 3229
5051 2500
5052 2552
5053 2708
5054 2396
5055 2240
5056 3020
5057 3073
5058 2968
5059 2604
5060 2344
5061 2865
5062 2344
5063 3073
5064 2395
5065 2500
5066 2864
5067 2239
5068 3490
5069 2864
5070 2448
5071 2917
5072 2395
5073 3490
5074 2604
5075 2448
5076 2864
5077 3750
5078 3021
5079 2604
5080 3021
5081 2604
5082 2605
5083 2761
5084 3073
5085 3333
5086 2552
5087 2552
5088 3020
5089 3594
5090 2447
5091 2396
5092 2865
5093 2395
5094 2500
5095 3125
5096 4584
5097 2656
5098 2605
5099 5885
5100 2552
5101 4010
5102 2500
5103 2605
5104 2708
5105 2448
5106 3229
5107 2448
5108 2552
5109 2813
5110 2187
5111 3750
5112 2604
5113 2605
5114 3021
5115 2447
5116 3125
5117 3906
5118 2188
5119 3177
5120 2396
5121 2448
5122 2813
5123 2396
5124 3281
5125 2396
5126 2344
5127 2760
5128 2448
5129 2813
5130 2344
5131 2344
5132 2657
5133 2136
5134 2500
5135 3333
5136 2448
5137 2239
5138 3802
5139 2447
5140 2396
5141 2864
5142 2865
5143 2395
5144 3125
5145 2396
5146 2344
5147 2656
5148 4895
5149 2813
5150 2813
5151 2968
5152 2604
5153 2656
5154 3281
5155 2604
5156 3229
5157 2552
5158 2812
5159 4531
5160 2396
5161 2447
5162 3073
5163 2447
5164 2656
5165 4844
5166 2500
5167 3386
5168 2968
5169 3125
5170 2812
5171 3125
5172 2604
5173 2396
5174 2760
5175 2239
5176 2760
5177 2916
5178 2396
5179 2187
5180 3177
5181 2552
5182 3906
5183 2604
5184 2552
5185 2448
5186 2188
5187 5209
5188 2500
5189 2500
5190 5729
5191 3072
5192 2917
5193 3281
5194 3125
5195 2761
5196 3124
5197 2656
5198 2604
5199 3489
5200 2656
5201 3490
5202 3334
5203 2709
5204 2709
5205 3125
5206 2813
5207 2604
5208 5104
5209 4844
5210 2708
5211 2604
5212 3281
5213 3281
5214 2448
5215 3750
5216 2656
5217 2552
5218 5520
5219 2656
5220 2604
5221 3073
5222 2657
5223 2813
5224 3073
5225 3646
5226 4322
5227 2761
5228 3125
5229 2448
5230 3125
5231 2448
5232 2395
5233 4479
5234 4323
5235 2448
5236 3385
5237 2969
5238 2448
5239 2448
5240 2708
5241 2604
5242 2292
5243 2864
5244 2864
5245 3229
5246 2656
5247 2448
5248 5365
5249 2708
5250 5156
5251 2709
5252 2813
5253 2760
5254 3020
5255 2604
5256 63436
5257 3542
5258 4375
5259 2969
5260 2448
5261 3750
5262 2968
5263 2708
5264 3177
5265 3333
5266 4531
5267 49999
5268 3229
5269 3177
5270 2708
5271 3385
5272 3177
5273 5521
5274 2813
5275 2865
5276 4167
5277 2968
5278 5312
5279 2917
5280 7083
5281 3281
5282 2604
5283 3177
5284 2500
5285 2552
5286 3698
5287 2864
5288 2448
5289 3021
5290 2448
5291 3958
5292 3906
5293 2708
5294 2552
5295 3438
5296 2448
5297 2240
5298 2917
5299 2604
5300 2396
5301 2240
5302 3073
5303 4323
5304 2500
5305 4062
5306 4948
5307 2708
5308 2812
5309 2917
5310 3020
5311 2604
5312 3073
5313 3125
5314 2500
5315 2552
5316 4062
5317 2500
5318 2395
5319 2240
5320 2500
5321 3177
5322 2656
5323 2708
5324 5364
5325 2500
5326 6458
5327 3021
5328 2864
5329 2708
5330 2604
5331 3750
5332 2656
5333 2656
5334 2813
5335 4843
5336 3021
5337 3073
5338 3438
5339 2708
5340 2968
5341 3333
5342 3750
5343 2760
5344 3281
5345 3750
5346 2708
5347 2812
5348 5000
5349 3020
5350 2552
5351 2760
5352 3646
5353 2709
5354 2969
5355 3646
5356 2657
5357 2447
5358 5312
5359 2604
5360 2500
5361 3489
5362 2552
5363 6666
5364 2656
5365 2812
5366 2813
5367 2656
5368 3750
5369 2500
5370 3542
5371 4635
5372 3125
5373 2656
5374 3802
5375 2500
5376 2813
5377 2500
5378 2240
5379 5416
5380 2917
5381 6250
5382 2864
5383 2969
5384 3645
5385 2761
5386 2657
5387 3177
5388 3489
5389 2761
5390 2709
5391 2604
5392 6198
5393 3594
5394 2605
5395 2552
5396 3073
5397 2448
5398 3073
5399 3750
5400 2917
5401 2656
5402 4636
5403 2865
5404 3229
5405 4115
5406 2812
5407 2656
5408 2552
5409 3541
5410 2708
5411 2448
5412 3125
5413 4479
5414 41770
5415 13437
5416 2448
5417 6406
5418 2708
5419 2864
5420 3125
5421 2500
5422 4948
5423 4010
5424 2708
5425 2708
5426 3906
5427 65676
5428 3958
5429 3854
5430 2604
5431 2864
5432 2500
5433 3542
5434 3334
5435 6094
5436 2448
5437 3020
5438 3073
5439 2500
5440 3281
5441 3230
5442 4531
5443 2656
5444 2813
5445 2396
5446 3177
5447 5677
5448 2499
5449 2552
5450 3385
5451 2396
5452 3282
5453 2292
5454 2187
5455 2760
5456 2240
5457 3594
5458 7708
5459 2708
5460 2865
5461 2604
5462 2448
5463 5520
5464 2865
5465 2657
5466 2813
5467 2657
5468 2709
5469 3229
5470 3177
5471 2448
5472 2448
5473 3281
5474 2604
5475 2500
5476 2656
5477 2448
5478 4114
5479 2708
5480 2396
5481 4218
5482 2709
5483 2812
5484 3229
5485 4895
5486 2448
5487 3541
5488 2604
5489 2448
5490 2761
5491 3021
5492 2500
5493 3177
5494 2917
5495 2812
5496 2448
5497 2969
5498 2396
5499 4688
5500 2916
5501 3125
5502 2604
5503 2604
5504 4375
5505 2604
5506 2917
5507 2448
5508 2448
5509 2708
5510 2239
5511 3125
5512 2291
5513 2239
5514 3281
5515 2292
5516 3594
5517 2604
5518 2395
5519 2552
5520 2604
5521 2240
5522 3177
5523 2187
5524 2448
5525 2500
5526 2916
5527 2292
5528 3125
5529 2447
5530 2240
5531 2344
5532 2344
5533 2083
5534 2708
5535 2760
5536 5469
5537 2656
5538 2447
5539 3021
5540 2395
5541 2604
5542 2239
5543 3021
5544 2395
5545 2865
5546 4584
5547 2657
5548 2761
5549 3334
5550 2552
5551 2448
5552 3073
5553 3229
5554 2656
5555 2500
5556 2395
5557 2812
5558 3125
5559 2604
5560 3177
5561 2500
5562 2344
5563 2709
5564 2239
5565 3333
5566 2552
5567 2709
5568 3177
5569 2604
5570 2396
5571 2813
5572 2239
5573 4062
5574 2240
5575 2240
5576 38073
5577 2917
5578 17656
5579 2760
5580 2500
5581 2760
5582 2448
5583 3021
5584 3073
5585 3386
5586 3489
5587 2500
5588 2917
5589 3021
5590 2708
5591 29271
5592 4323
5593 2864
5594 2709
5595 2917
5596 2604
5597 3177
5598 2865
5599 2448
5600 2448
5601 2865
5602 3177
5603 2448
5604 3281
5605 4062
5606 2812
5607 2448
5608 2656
5609 3021
5610 2448
5611 2448
5612 3229
5613 3489
5614 2500
5615 2553
5616 2761
5617 2240
5618 3177
5619 2292
5620 2343
5621 2552
5622 3698
5623 2395
5624 2240
5625 3281
5626 2031
5627 2917
5628 2239
5629 2448
5630 2969
5631 5312
5632 2709
5633 2448
5634 2292
5635 2552
5636 3750
5637 2448
5638 2239
5639 3229
5640 2605
5641 2865
5642 3646
5643 3073
5644 2968
5645 2813
5646 2500
5647 2396
5648 2917
5649 2395
5650 2188
5651 2969
5652 2343
5653 2188
5654 2448
5655 2864
5656 3750
5657 2344
5658 2448
5659 2344
5660 1979
5661 2552
5662 3541
5663 2396
5664 2343
5665 2500
5666 2032
5667 1979
5668 2708
5669 2083
5670 2760
5671 4844
5672 2760
5673 2916
5674 3437
5675 2657
5676 2396
5677 4375
5678 3125
5679 2656
5680 3750
5681 3229
5682 5000
5683 2500
5684 3125
5685 3229
5686 2760
5687 2500
5688 2604
5689 2917
5690 2552
5691 2448
5692 3698
5693 2552
5694 2657
5695 3698
5696 4271
5697 4115
5698 2864
5699 2396
5700 2604
5701 2917
5702 2656
5703 6822
5704 2552
5705 2500
5706 6198
5707 2292
5708 3281
5709 3333
5710 2448
5711 2656
5712 2240
5713 2761
5714 2344
5715 5521
5716 2500
5717 2552
5718 2812
5719 2552
5720 4114
5721 3333
5722 2396
5723 2240
5724 2447
5725 2552
5726 2864
5727 2812
5728 3125
5729 3386
5730 6926
5731 2657
5732 4010
5733 3281
5734 3073
5735 2865
5736 3385
5737 3489
5738 2865
5739 2500
5740 2917
5741 4375
5742 2500
5743 2448
5744 3073
5745 2656
5746 2812
5747 124320
5748 7916
5749 3594
5750 4479
5751 2812
5752 3125
5753 9010
5754 2343
5755 29166
5756 3697
5757 4479
5758 2500
5759 5572
5760 3125
5761 3542
5762 2552
5763 2448
5764 3281
5765 2292
5766 4947
5767 2500
5768 2448
5769 2865
5770 3594
5771 2500
5772 4115
5773 3489
5774 8281
5775 10416
5776 3021
5777 3593
5778 3386
5779 2969
5780 2864
5781 7344
5782 3437
5783 3282
5784 3229
5785 3073
5786 3125
5787 6667
5788 3854
5789 3021
5790 2812
5791 2812
5792 3802
5793 2968
5794 2813
5795 3125
5796 2760
5797 4896
5798 3020
5799 2865
5800 3125
5801 2917
5802 2656
5803 3750
5804 2968
5805 2708
5806 3490
5807 4532
5808 6875
5809 3229
5810 3281
5811 5260
5812 3906
5813 8021
5814 2813
5815 2864
5816 3021
5817 2812
5818 3854
5819 3229
5820 3125
5821 2552
5822 4115
5823 2708
5824 3802
5825 2709
5826 3802
5827 3594
5828 8281
5829 3333
5830 4739
5831 5312
5832 2865
5833 2812
5834 3646
5835 2708
5836 4687
5837 4843
5838 2604
5839 2812
5840 4375
5841 2656
5842 16405
5843 3281
5844 3854
5845 4479
5846 7760
5847 4114
5848 4219
5849 2656
5850 2969
5851 4167
5852 2500
5853 2865
5854 9010
5855 3438
5856 3020
5857 4219
5858 2865
5859 3646
5860 3490
5861 5886
5862 3073
5863 4479
5864 4844
5865 3802
5866 3229
5867 4636
5868 2968
5869 6563
5870 2865
5871 2812
5872 3958
5873 2865
5874 2657
5875 3959
5876 3177
5877 2656
5878 2812
5879 6771
5880 3073
5881 3541
5882 3333
5883 3750
5884 7031
5885 3073
5886 4271
5887 3125
5888 2813
5889 4011
5890 3073
5891 2969
5892 3438
5893 2864
5894 2864
5895 3281
5896 2864
5897 2656
5898 3229
5899 2761
5900 2656
5901 3802
5902 4167
5903 3230
5904 3282
5905 2813
5906 83645
5907 3802
5908 2656
5909 2656
5910 3125
5911 4323
5912 2709
5913 10625
5914 43333
5915 4323
5916 2864
5917 3281
5918 2865
5919 2657
5920 4479
5921 10677
5922 2708
5923 2656
5924 5469
5925 2761
5926 5312
5927 3073
5928 3021
5929 3125
5930 2760
5931 5937
5932 3125
5933 3230
5934 3229
5935 2917
5936 5105
5937 4115
5938 2864
5939 2812
5940 3698
5941 3541
5942 2812
5943 3698
5944 2864
5945 2708
5946 6458
5947 2916
5948 2865
5949 3021
5950 2864
5951 2656
5952 3541
5953 4584
5954 2865
5955 2656
5956 2864
5957 4844
5958 3124
5959 3021
5960 3385
5961 2864
5962 3854
5963 2916
5964 3177
5965 3437
5966 4063
5967 3749
5968 3021
5969 2969
5970 3073
5971 2812
5972 2761
5973 6354
5974 2917
5975 2812
5976 5416
5977 2761
5978 2657
5979 3646
5980 2916
5981 2708
5982 4427
5983 2864
5984 2812
5985 3177
5986 2760
5987 3281
5988 3437
5989 2813
5990 2605
5991 2604
5992 4792
5993 3646
5994 2760
5995 2656
5996 3229
5997 2656
5998 2448
5999 3021
6000 2708
6001 2812
6002 3177
6003 3906
6004 2917
6005 3021
6006 3437
6007 2708
6008 4427
6009 2656
6010 2864
6011 3437
6012 3802
6013 4062
6014 4323
6015 2916
6016 3073
6017 6770
6018 2813
6019 2813
6020 5468
6021 3385
6022 2813
6023 2657
6024 3542
6025 2656
6026 2656
6027 3125
6028 4323
6029 2604
6030 3593
6031 2708
6032 2604
6033 2812
6034 2604
6035 3281
6036 3073
6037 2604
6038 2552
6039 68956
6040 7084
6041 3125
6042 5052
6043 3438
6044 2760
6045 2760
6046 3906
6047 4739
6048 7187
6049 3177
6050 3542
6051 2864
6052 3490
6053 2657
6054 2761
6055 3177
6056 2604
6057 2604
6058 3333
6059 2656
6060 2813
6061 3282
6062 3177
6063 2708
6064 6875
6065 2916
6066 2708
6067 3073
6068 3020
6069 2604
6070 2656
6071 2448
6072 4584
6073 2969
6074 2604
6075 3125
6076 3281
6077 5833
6078 2656
6079 2813
6080 3333
6081 2656
6082 2708
6083 3073
6084 2604
6085 2552
6086 5417
6087 2500
6088 2395
6089 2917
6090 2239
6091 3698
6092 3021
6093 2812
6094 3385
6095 2761
6096 2813
6097 3438
6098 3125
6099 3698
6100 2812
6101 4271
6102 2864
6103 2656
6104 4896
6105 2761
6106 2500
6107 3073
6108 3698
6109 4322
6110 2865
6111 3281
6112 3282
6113 2917
6114 4062
6115 3229
6116 2813
6117 3281
6118 3073
6119 2604
6120 2604
6121 2968
6122 2604
6123 2604
6124 4583
6125 2917
6126 2812
6127 3281
6128 2864
6129 2656
6130 3177
6131 4531
6132 2761
6133 4375
6134 3229
6135 2864
6136 2656
6137 3125
6138 2500
6139 3073
6140 3489
6141 3281
6142 2760
6143 3281
6144 5625
6145 3020
6146 2969
6147 3698
6148 2813
6149 3072
6150 3385
6151 2813
6152 2813
6153 5833
6154 2968
6155 3750
6156 4948
6157 2969
6158 2760
6159 3177
6160 2864
6161 2604
6162 3854
6163 2760
6164 2604
6165 2813
6166 3541
6167 2604
6168 3281
6169 3229
6170 3072
6171 2813
6172 2917
6173 3020
6174 2761
6175 7344
6176 3021
6177 4375
6178 3229
6179 2812
6180 2813
6181 3177
6182 3177
6183 2916
6184 2760
6185 4427
6186 3541
6187 2656
6188 2813
6189 3125
6190 2969
6191 2604
6192 3854
6193 4063
6194 2552
6195 3542
6196 2813
6197 71248
6198 3177
6199 3073
6200 2917
6201 2604
6202 3073
6203 3177
6204 4427
6205 2656
6206 10156
6207 2760
6208 4219
6209 3177
6210 2708
6211 2447
6212 3646
6213 2604
6214 2657
6215 2865
6216 3750
6217 3021
6218 2604
6219 2344
6220 5521
6221 4636
6222 2968
6223 3177
6224 2760
6225 3698
6226 3750
6227 2709
6228 2761
6229 3021
6230 2604
6231 3541
6232 2656
6233 2760
6234 5312
6235 2552
6236 3646
6237 2761
6238 2709
6239 2552
6240 2552
6241 3177
6242 4427
6243 2552
6244 4219
6245 2812
6246 3073
6247 4167
6248 3073
6249 2552
6250 2500
6251 2812
6252 2500
6253 2343
6254 3437
6255 2604
6256 2396
6257 3437
6258 2760
6259 2968
6260 3438
6261 2657
6262 2604
6263 3021
6264 2604
6265 2604
6266 3021
6267 3646
6268 2656
6269 2604
6270 2812
6271 4583
6272 2865
6273 2813
6274 3385
6275 2864
6276 2813
6277 3333
6278 3333
6279 2760
6280 3438
6281 2709
6282 3020
6283 3177
6284 2656
6285 2552
6286 2968
6287 2552
6288 2448
6289 2969
6290 3333
6291 2709
6292 2761
6293 2761
6294 2395
6295 3021
6296 3020
6297 3385
6298 2396
6299 2552
6300 2916
6301 3333
6302 2448
6303 2864
6304 3489
6305 6146
6306 2812
6307 2760
6308 3646
6309 2760
6310 2604
6311 3281
6312 2657
6313 2605
6314 3073
6315 3125
6316 2813
6317 3124
6318 2761
6319 2552
6320 3229
6321 3437
6322 2552
6323 3593
6324 2657
6325 2761
6326 2917
6327 3333
6328 2656
6329 3333
6330 2604
6331 2708
6332 3802
6333 2552
6334 2552
6335 4010
6336 2604
6337 2396
6338 2656
6339 3020
6340 2448
6341 3698
6342 2708
6343 4166
6344 2917
6345 2500
6346 2969
6347 3334
6348 3385
6349 2864
6350 2812
6351 5052
6352 3698
6353 2605
6354 2604
6355 3021
6356 2709
6357 2552
6358 2656
6359 54947
6360 3021
6361 2448
6362 2917
6363 3333
6364 4479
6365 2500
6366 2812
6367 2448
6368 4688
6369 2604
6370 2709
6371 3125
6372 2500
6373 3281
6374 3177
6375 2604
6376 2552
6377 2343
6378 2865
6379 3490
6380 2448
6381 2396
6382 2656
6383 2188
6384 4843
6385 2656
6386 6614
6387 2968
6388 2500
6389 2708
6390 2136
6391 3125
6392 2448
6393 3958
6394 2656
6395 2761
6396 2761
6397 2604
6398 2969
6399 3229
6400 2604
6401 2604
6402 2396
6403 3542
6404 3230
6405 2604
6406 3489
6407 2917
6408 2395
6409 2500
6410 5156
6411 2864
6412 2761
6413 3386
6414 2917
6415 2552
6416 3386
6417 3229
6418 2761
6419 2708
6420 2656
6421 3282
6422 5313
6423 2760
6424 2656
6425 2552
6426 2656
6427 3542
6428 2761
6429 2709
6430 5417
6431 2760
6432 2709
6433 2969
6434 2656
6435 2812
6436 2656
6437 2552
6438 3646
6439 3906
6440 2604
6441 2552
6442 2969
6443 2500
6444 3229
6445 3073
6446 2396
6447 2500
6448 3490
6449 2396
6450 2604
6451 3020
6452 2396
6453 2187
6454 3385
6455 2396
6456 2552
6457 3125
6458 2500
6459 4115
6460 2708
6461 2552
6462 2865
6463 2552
6464 2396
6465 3229
6466 2396
6467 2552
6468 3386
6469 4270
6470 3542
6471 2448
6472 2344
6473 2500
6474 2500
6475 2188
6476 4167
6477 2447
6478 2344
6479 4219
6480 3958
6481 2240
6482 3125
6483 2760
6484 2136
6485 2344
6486 4688
6487 2709
6488 2605
6489 2917
6490 2448
6491 3021
6492 2605
6493 2396
6494 5104
6495 2395
6496 2552
6497 3229
6498 2395
6499 3958
6500 2865
6501 3073
6502 2760
6503 2552
6504 3073
6505 2448
6506 2395
6507 2865
6508 3542
6509 2812
6510 2761
6511 3281
6512 2656
6513 3177
6514 3854
6515 3020
6516 2656
6517 3906
6518 2604
6519 2604
6520 2916
6521 2396
6522 2656
6523 2552
6524 2500
6525 3125
6526 75310
6527 2656
6528 3072
6529 2188
6530 5052
6531 2448
6532 2552
6533 2760
6534 2343
6535 2188
6536 3386
6537 2760
6538 2657
6539 2344
6540 4010
6541 2448
6542 2552
6543 2917
6544 2552
6545 2344
6546 2812
6547 2239
6548 2552
6549 4635
6550 3906
6551 2239
6552 2969
6553 2136
6554 2239
6555 2916
6556 2240
6557 2292
6558 4010
6559 2239
6560 6615
6561 3021
6562 2917
6563 3021
6564 2813
6565 3385
6566 2552
6567 2552
6568 5260
6569 2656
6570 3281
6571 2604
6572 2708
6573 5364
6574 2396
6575 2916
6576 4010
6577 3750
6578 2760
6579 2604
6580 3021
6581 2396
6582 3333
6583 2604
6584 3281
6585 2709
6586 2813
6587 3385
6588 3593
6589 2656
6590 2760
6591 2708
6592 2552
6593 3385
6594 2604
6595 2605
6596 4115
6597 2552
6598 3490
6599 2813
6600 2343
6601 2448
6602 4062
6603 2656
6604 2656
6605 2968
6606 2396
6607 3073
6608 2760
6609 2552
6610 2500
6611 2969
6612 2708
6613 2604
6614 3125
6615 4740
6616 2396
6617 2344
6618 2865
6619 2552
6620 2240
6621 3490
6622 2448
6623 2709
6624 2969
6625 2656
6626 5260
6627 2552
6628 2396
6629 2657
6630 2188
6631 3020
6632 2344
6633 2188
6634 2968
6635 2188
6636 2604
6637 3333
6638 2604
6639 2448
6640 2917
6641 2604
6642 2240
6643 3907
6644 2656
6645 2500
6646 5208
6647 2448
6648 3125
6649 3803
6650 2813
6651 2604
6652 3021
6653 2448
6654 5469
6655 2708
6656 2396
6657 2552
6658 3021
6659 2605
6660 46197
6661 2812
6662 2499
6663 2865
6664 2239
6665 2864
6666 2969
6667 4115
6668 3750
6669 2865
6670 3177
6671 2657
6672 2552
6673 2448
6674 3125
6675 2968
6676 2500
6677 5260
6678 3750
6679 2708
6680 2656
6681 3333
6682 3489
6683 3021
6684 3020
6685 3333
6686 2813
6687 2604
6688 3073
6689 3281
6690 5365
6691 3645
6692 3229
6693 2760
6694 2604
6695 4114
6696 2552
6697 3073
6698 2448
6699 2396
6700 2864
6701 3802
6702 2656
6703 2500
6704 2917
6705 2396
6706 2188
6707 2916
6708 3021
6709 3229
6710 2396
6711 2344
6712 3125
6713 3333
6714 2396
6715 4635
6716 2239
6717 2344
6718 3854
6719 2500
6720 2448
6721 2344
6722 2500
6723 3542
6724 2812
6725 2396
6726 2865
6727 2291
6728 3333
6729 2500
6730 2135
6731 2500
6732 3125
6733 2656
6734 2448
6735 2343
6736 2292
6737 3333
6738 2292
6739 2448
6740 3125
6741 3959
6742 2864
6743 2812
6744 2969
6745 2448
6746 2552
6747 3125
6748 2240
6749 2917
6750 2239
6751 2292
6752 7083
6753 2813
6754 2552
6755 3490
6756 2761
6757 2396
6758 3125
6759 3125
6760 2761
6761 3750
6762 2552
6763 5625
6764 2708
6765 2395
6766 3281
6767 2344
6768 5573
6769 2552
6770 2396
6771 3177
6772 2396
6773 2240
6774 3021
6775 3437
6776 2552
6777 2343
6778 2396
6779 3177
6780 2240
6781 3646
6782 2448
6783 2396
6784 3541
6785 2500
6786 2448
6787 2761
6788 3542
6789 2187
6790 3177
6791 2864
6792 2760
6793 2812
6794 2344
6795 2240
6796 2291
6797 3229
6798 2396
6799 2031
6800 3281
6801 3125
6802 2969
6803 2344
6804 2135
6805 2448
6806 2709
6807 2917
6808 2135
6809 3021
6810 3750
6811 2396
6812 2239
6813 2761
6814 2448
6815 3698
6816 2292
6817 2395
6818 3229
6819 2292
6820 2604
6821 3281
6822 3229
6823 2552
6824 2708
6825 2656
6826 3385
6827 2864
6828 2865
6829 2395
6830 2240
6831 2188
6832 4166
6833 59270
6834 4062
6835 3594
6836 2812
6837 2239
6838 2396
6839 2708
6840 1979
6841 4479
6842 2239
6843 2448
6844 5834
6845 3125
6846 2864
6847 3125
6848 2448
6849 2292
6850 2969
6851 2969
6852 2396
6853 2448
6854 2240
6855 3020
6856 5625
6857 2708
6858 2813
6859 4688
6860 3020
6861 3385
6862 2448
6863 2500
6864 2813
6865 2448
6866 2239
6867 3906
6868 2396
6869 2605
6870 2604
6871 3333
6872 2448
6873 4687
6874 3177
6875 2760
6876 2448
6877 3020
6878 3542
6879 2239
6880 2812
6881 2500
6882 2448
6883 6666
6884 2657
6885 2448
6886 3020
6887 2240
6888 2709
6889 3073
6890 3333
6891 4427
6892 2396
6893 3177
6894 2553
6895 2240
6896 2604
6897 3021
6898 2708
6899 2552
6900 3021
6901 2239
6902 2500
6903 2239
6904 2031
6905 6094
6906 2656
6907 2448
6908 2916
6909 2448
6910 2291
6911 3437
6912 2448
6913 3437
6914 2344
6915 4323
6916 2656
6917 2656
6918 3698
6919 2604
6920 3125
6921 5261
6922 2605
6923 2604
6924 2396
6925 2917
6926 5313
6927 2657
6928 3646
6929 3177
6930 2656
6931 2708
6932 2604
6933 2865
6934 2291
6935 2916
6936 3177
6937 2448
6938 2448
6939 3333
6940 4323
6941 3541
6942 2552
6943 2552
6944 2657
6945 2448
6946 2239
6947 4063
6948 2292
6949 2396
6950 3333
6951 2760
6952 3281
6953 5313
6954 2709
6955 2448
6956 2813
6957 2240
6958 6979
6959 2500
6960 2864
6961 6667
6962 3437
6963 2812
6964 3438
6965 4375
6966 2656
6967 3177
6968 2864
6969 5625
6970 4583
6971 2708
6972 6510
6973 2656
6974 2604
6975 2708
6976 2604
6977 2656
6978 4218
6979 4219
6980 3282
6981 2969
6982 4323
6983 2917
6984 3697
6985 3854
6986 3021
6987 2604
6988 2604
6989 3073
6990 123435
6991 11250
6992 3959
6993 2552
6994 2448
6995 2604
6996 4687
6997 2760
6998 13385
6999 4844
7000 5625
7001 2656
7002 2552
7003 3333
7004 2760
7005 3229
7006 3541
7007 4844
7008 3177
7009 2656
7010 5729
7011 3490
7012 4583
7013 2760
7014 3854
7015 2708
7016 2448
7017 4896
7018 2812
7019 2708
7020 3385
7021 2292
7022 3386
7023 4636
7024 2916
7025 2604
7026 3802
7027 2604
7028 2448
7029 3281
7030 3125
7031 2865
7032 2343
7033 4479
7034 4583
7035 2708
7036 2708
7037 3385
7038 3646
7039 2500
7040 3386
7041 3281
7042 3385
7043 4947
7044 2917
7045 3177
7046 3646
7047 3593
7048 4011
7049 2396
7050 2344
7051 5000
7052 2760
7053 2344
7054 5104
7055 2499
7056 4219
7057 4062
7058 4427
7059 2396
7060 4375
7061 4011
7062 2448
7063 4219
7064 3282
7065 2604
7066 2240
7067 2500
7068 2812
7069 2188
7070 2396
7071 3437
7072 2396
7073 3854
7074 2708
7075 2604
7076 4219
7077 2292
7078 2656
7079 4114
7080 2864
7081 2917
7082 3073
7083 2760
7084 2448
7085 3073
7086 2969
7087 2447
7088 2656
7089 3437
7090 2447
7091 2344
7092 3906
7093 2552
7094 2188
7095 3282
7096 2604
7097 3489
7098 2761
7099 2188
7100 2916
7101 2968
7102 2292
7103 2344
7104 2656
7105 3698
7106 2292
7107 3906
7108 2552
7109 2500
7110 2760
7111 2188
7112 2917
7113 2968
7114 2552
7115 2239
7116 2187
7117 3177
7118 3229
7119 2239
7120 2760
7121 2500
7122 2343
7123 2865
7124 105050
7125 2709
7126 2865
7127 9635
7128 27656
7129 2500
7130 4948
7131 2709
7132 2761
7133 2969
7134 2448
7135 3333
7136 2656
7137 2396
7138 3489
7139 2448
7140 3021
7141 2448
7142 2396
7143 2760
7144 2396
7145 4218
7146 2448
7147 2396
7148 2761
7149 2812
7150 2395
7151 3334
7152 2292
7153 2291
7154 3437
7155 2448
7156 2395
7157 2969
7158 2291
7159 3437
7160 2813
7161 2448
7162 3229
7163 3541
7164 3854
7165 2708
7166 2656
7167 3021
7168 3542
7169 3177
7170 2657
7171 2604
7172 3698
7173 2552
7174 2448
7175 2344
7176 2708
7177 4375
7178 3021
7179 2500
7180 2709
7181 2865
7182 3229
7183 2500
7184 3125
7185 3125
7186 3177
7187 2864
7188 2656
7189 3073
7190 2813
7191 3802
7192 3334
7193 4636
7194 2499
7195 2917
7196 3646
7197 2500
7198 6406
7199 2865
7200 2812
7201 2969
7202 2708
7203 3281
7204 3437
7205 2865
7206 2656
7207 2760
7208 3021
7209 4531
7210 2864
7211 3385
7212 2812
7213 5313
7214 3541
7215 2604
7216 2604
7217 3958
7218 2916
7219 2656
7220 3021
7221 2448
7222 2396
7223 2864
7224 2916
7225 2448
7226 4010
7227 2812
7228 2760
7229 2760
7230 2604
7231 3073
7232 3438
7233 4583
7234 2864
7235 2917
7236 6354
7237 2969
7238 4114
7239 3594
7240 2864
7241 2864
7242 2656
7243 5625
7244 2604
7245 2657
7246 3542
7247 2447
7248 2656
7249 2552
7250 4166
7251 2656
7252 3541
7253 2969
7254 2395
7255 2396
7256 2708
7257 2187
7258 4010
7259 2500
7260 2448
7261 4740
7262 3021
7263 2656
7264 2864
7265 2448
7266 2760
7267 3073
7268 2813
7269 2552
7270 2448
7271 3386
7272 2500
7273 5313
7274 2395
7275 2552
7276 2552
7277 2396
7278 2812
7279 3698
7280 2604
7281 2447
7282 4635
7283 10833
7284 3438
7285 3281
7286 2604
7287 2500
7288 2448
7289 3229
7290 2396
7291 2708
7292 2864
7293 2240
7294 2396
7295 3177
7296 2343
7297 3958
7298 2500
7299 2656
7300 17813
7301 2604
7302 2448
7303 3906
7304 2656
7305 2604
7306 2605
7307 3958
7308 2813
7309 2761
7310 3021
7311 2500
7312 2709
7313 2605
7314 2448
7315 3020
7316 3646
7317 2500
7318 2448
7319 4687
7320 2656
7321 2500
7322 3333
7323 2708
7324 2708
7325 3073
7326 3646
7327 2708
7328 2708
7329 2916
7330 2500
7331 3073
7332 2709
7333 2605
7334 3802
7335 2708
7336 4531
7337 2917
7338 2813
7339 2760
7340 2656
7341 2500
7342 2969
7343 3281
7344 3385
7345 2656
7346 2864
7347 4115
7348 2917
7349 2812
7350 3333
7351 2864
7352 2656
7353 3489
7354 2865
7355 2917
7356 4114
7357 2917
7358 2813
7359 2604
7360 2865
7361 3959
7362 2656
7363 2760
7364 3229
7365 5573
7366 2552
7367 3541
7368 2448
7369 2395
7370 4740
7371 2865
7372 2812
7373 3177
7374 2864
7375 2500
7376 3177
7377 2760
7378 2448
7379 3072
7380 3646
7381 2448
7382 2448
7383 3021
7384 2552
7385 2292
7386 2917
7387 3021
7388 2656
7389 2656
7390 3281
7391 5312
7392 3229
7393 2864
7394 3437
7395 3021
7396 2708
7397 3593
7398 3385
7399 2865
7400 2865
7401 2760
7402 3697
7403 2813
7404 2813
7405 3334
7406 2760
7407 2656
7408 3020
7409 3125
7410 3906
7411 2760
7412 2604
7413 3646
7414 2448
7415 3386
7416 3593
7417 3438
7418 2500
7419 2448
7420 3489
7421 2656
7422 2761
7423 3177
7424 2917
7425 2709
7426 3750
7427 2813
7428 2709
7429 3959
7430 3334
7431 5156
7432 2864
7433 3229
7434 3281
7435 3125
7436 2969
7437 4479
7438 3541
7439 3177
7440 2656
7441 4999
7442 2917
7443 2812
7444 3593
7445 2865
7446 2657
7447 4115
7448 2968
7449 2656
7450 3385
7451 5781
7452 2865
7453 3020
7454 94165
7455 3333
7456 3698
7457 3334
7458 2709
7459 11406
7460 4531
7461 2656
7462 2605
7463 2969
7464 2604
7465 3907
7466 2604
7467 2604
7468 3958
7469 2656
7470 3593
7471 3802
7472 3177
7473 2968
7474 2604
7475 3125
7476 2552
7477 2656
7478 7448
7479 3333
7480 2761
7481 2657
7482 4427
7483 2657
7484 2865
7485 3489
7486 2604
7487 2812
7488 7292
7489 2708
7490 2708
7491 3333
7492 2865
7493 3594
7494 3437
7495 2969
7496 2812
7497 2552
7498 3125
7499 2396
7500 3177
7501 3177
7502 2604
7503 2448
7504 2396
7505 3437
7506 2448
7507 3125
7508 2656
7509 2656
7510 3229
7511 2396
7512 2396
7513 2864
7514 3073
7515 4219
7516 2604
7517 2552
7518 3334
7519 2448
7520 3958
7521 2448
7522 2604
7523 2813
7524 3959
7525 2656
7526 2917
7527 3282
7528 2552
7529 2396
7530 3802
7531 2448
7532 2760
7533 3229
7534 2761
7535 3438
7536 2448
7537 2344
7538 2708
7539 2187
7540 2969
7541 4583
7542 2656
7543 2604
7544 3229
7545 2760
7546 2344
7547 2917
7548 2187
7549 2187
7550 3125
7551 2604
7552 2395
7553 3021
7554 2395
7555 2396
7556 2812
7557 47238
7558 11354
7559 2656
7560 3282
7561 2500
7562 3073
7563 3072
7564 4323
7565 2656
7566 2812
7567 3021
7568 2709
7569 2448
7570 3125
7571 4011
7572 2552
7573 2604
7574 2969
7575 3593
7576 2500
7577 2552
7578 2344
7579 2552
7580 3282
7581 2448
7582 2396
7583 2865
7584 3177
7585 2499
7586 7917
7587 2865
7588 2604
7589 3542
7590 2552
7591 2969
7592 2604
7593 2395
7594 2865
7595 2917
7596 2447
7597 2344
7598 2864
7599 2239
7600 3490
7601 2448
7602 2604
7603 3386
7604 2395
7605 2396
7606 2916
7607 2448
7608 2396
7609 3281
7610 3177
7611 2239
7612 2344
7613 3073
7614 2604
7615 2396
7616 2865
7617 2552
7618 3229
7619 2865
7620 2500
7621 2239
7622 3802
7623 2396
7624 2917
7625 2187
7626 2291
7627 3177
7628 2864
7629 2240
7630 2240
7631 2605
7632 2656
7633 2292
7634 2761
7635 3959
7636 3907
7637 2656
7638 2709
7639 2864
7640 2448
7641 4740
7642 2447
7643 2656
7644 3437
7645 2396
7646 2500
7647 2865
7648 2343
7649 2292
7650 3386
7651 2604
7652 2500
7653 2968
7654 2344
7655 2917
7656 2760
7657 2396
7658 2292
7659 3906
7660 2448
7661 4427
7662 3073
7663 2604
7664 2604
7665 2813
7666 2239
7667 2760
7668 2760
7669 2239
7670 2187
7671 2604
7672 2917
7673 2813
7674 2813
7675 2604
7676 2448
7677 2291
7678 2656
7679 2135
7680 2031
7681 2604
7682 4479
7683 2396
7684 2396
7685 2656
7686 3750
7687 2500
7688 2448
7689 2917
7690 2240
7691 2500
7692 2240
7693 2188
7694 2709
7695 2864
7696 2292
7697 2865
7698 3334
7699 2604
7700 2396
7701 2656
7702 2291
7703 2760
7704 2969
7705 2552
7706 2188
7707 2239
7708 2656
7709 2813
7710 2396
7711 4271
7712 2656
7713 2239
7714 2187
7715 2500
7716 2136
7717 4166
7718 2292
7719 2188
7720 3542
7721 2344
7722 2188
7723 2812
7724 2291
7725 2135
7726 2761
7727 1979
7728 1979
7729 5208
7730 2292
7731 2240
7732 2605
7733 16042
7734 2396
7735 2969
7736 5313
7737 3073
7738 2657
7739 4636
7740 2656
7741 2553
7742 3073
7743 2552
7744 2395
7745 2708
7746 2969
7747 2395
7748 2396
7749 3490
7750 2604
7751 4583
7752 2656
7753 2552
7754 2396
7755 2239
7756 3125
7757 2812
7758 3177
7759 2604
7760 2343
7761 2656
7762 2344
7763 2761
7764 2344
7765 2135
7766 2656
7767 2500
7768 2240
7769 2604
7770 3334
7771 2448
7772 2448
7773 2865
7774 2500
7775 2448
7776 4218
7777 5261
7778 2500
7779 2604
7780 3750
7781 2604
7782 2396
7783 2760
7784 2396
7785 2240
7786 2760
7787 2656
7788 2343
7789 2187
7790 3125
7791 2239
7792 2188
7793 2656
7794 2135
7795 4739
7796 2500
7797 2448
7798 2604
7799 2240
7800 3906
7801 2865
7802 2395
7803 2292
7804 2292
7805 2708
7806 5625
7807 2605
7808 2396
7809 2968
7810 2396
7811 3020
7812 2500
7813 2448
7814 2865
7815 2187
7816 2239
7817 2448
7818 2032
7819 3542
7820 2395
7821 2188
7822 2448
7823 2343
7824 2865
7825 2448
7826 2499
7827 2031
7828 2083
7829 4323
7830 2448
7831 2448
7832 2812
7833 2656
7834 2395
7835 3021
7836 2239
7837 2344
7838 2917
7839 2343
7840 2812
7841 2240
7842 2240
7843 2761
7844 2240
7845 2812
7846 2760
7847 3229
7848 2500
7849 2344
7850 3593
7851 2396
7852 2031
7853 2604
7854 2188
7855 2187
7856 2395
7857 3229
7858 2187
7859 2552
7860 2656
7861 1979
7862 2447
7863 1823
7864 3021
7865 2084
7866 2917
7867 3385
7868 2239
7869 3438
7870 2709
7871 2136
7872 2291
7873 2031
7874 1979
7875 5468
7876 2084
7877 2656
7878 3073
7879 2396
7880 2344
7881 2708
7882 2083
7883 3177
7884 2291
7885 2292
7886 6771
7887 4791
7888 2500
7889 3229
7890 2448
7891 2448
7892 2708
7893 2396
7894 4063
7895 3854
7896 2552
7897 2396
7898 2709
7899 2396
7900 2865
7901 2239
7902 2291
7903 2761
7904 2240
7905 2240
7906 2812
7907 2135
7908 7344
7909 2657
7910 2605
7911 3386
7912 2709
7913 2552
7914 2396
7915 2812
7916 2708
7917 2395
7918 2708
7919 2552
7920 2396
7921 2656
7922 2500
7923 2552
7924 2813
7925 2917
7926 3542
7927 2396
7928 2917
7929 2656
7930 2240
7931 3386
7932 2344
7933 2292
7934 3386
7935 2448
7936 2396
7937 2708
7938 2343
7939 2761
7940 2708
7941 2344
7942 2135
7943 2604
7944 4896
7945 2396
7946 19322
7947 2396
7948 2187
7949 2708
7950 2344
7951 2709
7952 2709
7953 2969
7954 2239
7955 2187
7956 3281
7957 2240
7958 2761
7959 3646
7960 2500
7961 2552
7962 2969
7963 2396
7964 2240
7965 4323
7966 2344
7967 2448
7968 4895
7969 2240
7970 2188
7971 3072
7972 2188
7973 2292
7974 2031
7975 1980
7976 2396
7977 4531
7978 2083
7979 3229
7980 2291
7981 2239
7982 2396
7983 2916
7984 2708
7985 2708
7986 3802
7987 2500
7988 2552
7989 2760
7990 2291
7991 2917
7992 2760
7993 2396
7994 2188
7995 3281
7996 2240
7997 2187
7998 2448
7999 2032
8000 3386
8001 2240
8002 2344
8003 2708
8004 2344
8005 2136
8006 2761
8007 2187
8008 2291
8009 2344
8010 2084
8011 2761
8012 2761
8013 2813
8014 2239
8015 3125
8016 2552
8017 2032
8018 2448
8019 3177
8020 2135
8021 2135
8022 3958
8023 2083
8024 2916
8025 2396
8026 2135
8027 2135
8028 1822
8029 2500
8030 2292
8031 4896
8032 2292
8033 2188
8034 3282
8035 2188
8036 2969
8037 2031
8038 2135
8039 2135
8040 5416
8041 2553
8042 2448
8043 2864
8044 2396
8045 2292
8046 2656
8047 2812
8048 2396
8049 2188
8050 2604
8051 2813
8052 2292
8053 2812
8054 2812
8055 2291
8056 2344
8057 2396
8058 2187
8059 2552
8060 2864
8061 2239
8062 2344
8063 2553
8064 2813
8065 2709
8066 2656
8067 2240
8068 2136
8069 2136
8070 3386
8071 2032
8072 2604
8073 3281
8074 2864
8075 2240
8076 2240
8077 2552
8078 2188
8079 3438
8080 2656
8081 3750
8082 2656
8083 2396
8084 2812
8085 2448
8086 2240
8087 3073
8088 2239
8089 3177
8090 2396
8091 2239
8092 2552
8093 2344
8094 2188
8095 2605
8096 4219
8097 2604
8098 2605
8099 3438
8100 2396
8101 3333
8102 2240
8103 2396
8104 2396
8105 3698
8106 2760
8107 2396
8108 3124
8109 2604
8110 2292
8111 3490
8112 2656
8113 2604
8114 2969
8115 16458
8116 3230
8117 3073
8118 2605
8119 2396
8120 3229
8121 2448
8122 2396
8123 2708
8124 2239
8125 3698
8126 2656
8127 2395
8128 2604
8129 2552
8130 2343
8131 2864
8132 2344
8133 2187
8134 2604
8135 2916
8136 4219
8137 3802
8138 2760
8139 2448
8140 2604
8141 2448
8142 3177
8143 3020
8144 2500
8145 2656
8146 3385
8147 2656
8148 3281
8149 2552
8150 2552
8151 2552
8152 2239
8153 2760
8154 2812
8155 2240
8156 2344
8157 2708
8158 2761
8159 2240
8160 2812
8161 2917
8162 3229
8163 2240
8164 2292
8165 4010
8166 2239
8167 2031
8168 3281
8169 3281
8170 2395
8171 2552
8172 2864
8173 2760
8174 2292
8175 3386
8176 2500
8177 2448
8178 2657
8179 2344
8180 2760
8181 2656
8182 3229
8183 2343
8184 3646
8185 2500
8186 2396
8187 2708
8188 2396
8189 3386
8190 2500
8191 2500
8192 3489
8193 2552
8194 2396
8195 2969
8196 2552
8197 2240
8198 2865
8199 2395
8200 2396
8201 2917
8202 2395
8203 4115
8204 2865
8205 2343
8206 2188
8207 2448
8208 2135
8209 3125
8210 2291
8211 2343
8212 2708
8213 2969
8214 2239
8215 2187
8216 2812
8217 2292
8218 2343
8219 2292
8220 2604
8221 2761
8222 2084
8223 2396
8224 3750
8225 2291
8226 2239
8227 2969
8228 2240
8229 2240
8230 5364
8231 2708
8232 2656
8233 2813
8234 2812
8235 3333
8236 3229
8237 2708
8238 2760
8239 2864
8240 2448
8241 2448
8242 2865
8243 2396
8244 2396
8245 2917
8246 2865
8247 3125
8248 2604
8249 2500
8250 3697
8251 2500
8252 2448
8253 2240
8254 2604
8255 2552
8256 2395
8257 2240
8258 4584
8259 2396
8260 2917
8261 3229
8262 2969
8263 2500
8264 2396
8265 2812
8266 2396
8267 3593
8268 2604
8269 2448
8270 2969
8271 2447
8272 2240
8273 2656
8274 2865
8275 2552
8276 2344
8277 2344
8278 2916
8279 2292
8280 3802
8281 2448
8282 2292
8283 2709
8284 2396
8285 2083
8286 2448
8287 3698
8288 2708
8289 2656
8290 3802
8291 2812
8292 2656
8293 3750
8294 2500
8295 2552
8296 3177
8297 3437
8298 2500
8299 2865
8300 2239
8301 3177
8302 2656
8303 2448
8304 3438
8305 2552
8306 18749
8307 2656
8308 2604
8309 2448
8310 2396
8311 2812
8312 2708
8313 2552
8314 2240
8315 2396
8316 3385
8317 2344
8318 2812
8319 2708
8320 4323
8321 2500
8322 2604
8323 3646
8324 2395
8325 4114
8326 3594
8327 2500
8328 2604
8329 2865
8330 3541
8331 2760
8332 2656
8333 2552
8334 2760
8335 2917
8336 2604
8337 2396
8338 2812
8339 3645
8340 2604
8341 2448
8342 2395
8343 2604
8344 3385
8345 2448
8346 2447
8347 3698
8348 2708
8349 3593
8350 3229
8351 2656
8352 2500
8353 3020
8354 2917
8355 2605
8356 2396
8357 3281
8358 2656
8359 3542
8360 2656
8361 2760
8362 2656
8363 2552
8364 2917
8365 2916
8366 2969
8367 2813
8368 3542
8369 3177
8370 2656
8371 2968
8372 2917
8373 3750
8374 2656
8375 2708
8376 2968
8377 2604
8378 3073
8379 2448
8380 2656
8381 2969
8382 2448
8383 2396
8384 2656
8385 2396
8386 2239
8387 3437
8388 2448
8389 2552
8390 2656
8391 2187
8392 2760
8393 2344
8394 2239
8395 3281
8396 2343
8397 4896
8398 2656
8399 2448
8400 2708
8401 2395
8402 2344
8403 3697
8404 2448
8405 2396
8406 2813
8407 2343
8408 2240
8409 2709
8410 2708
8411 2344
8412 2343
8413 2760
8414 2448
8415 2188
8416 2239
8417 2500
8418 2188
8419 2135
8420 2552
8421 5313
8422 2552
8423 2448
8424 2709
8425 2396
8426 2344
8427 2917
8428 2239
8429 2343
8430 2708
8431 2292
8432 3334
8433 2500
8434 2448
8435 2812
8436 2291
8437 2917
8438 4792
8439 2500
8440 2448
8441 3750
8442 3072
8443 2604
8444 2552
8445 2343
8446 2500
8447 3593
8448 2396
8449 2187
8450 3021
8451 2344
8452 2812
8453 2865
8454 2396
8455 2187
8456 2187
8457 2604
8458 2031
8459 3124
8460 2604
8461 2656
8462 2448
8463 2188
8464 2448
8465 2864
8466 2864
8467 2188
8468 1979
8469 3646
8470 2447
8471 2813
8472 2083
8473 2604
8474 4219
8475 6458
8476 2448
8477 2969
8478 2448
8479 2240
8480 2760
8481 2708
8482 2396
8483 2396
8484 2291
8485 3021
8486 2240
8487 2396
8488 3438
8489 2343
8490 2031
8491 3021
8492 4219
8493 4427
8494 2500
8495 16302
8496 3333
8497 2344
8498 2968
8499 2344
8500 3385
8501 2656
8502 2500
8503 2656
8504 2292
8505 3594
8506 3021
8507 2500
8508 2448
8509 2864
8510 3125
8511 2709
8512 3020
8513 2917
8514 3697
8515 2552
8516 3177
8517 2864
8518 2396
8519 3229
8520 2344
8521 2500
8522 2761
8523 2240
8524 2864
8525 2239
8526 2188
8527 2813
8528 2239
8529 2135
8530 3385
8531 2292
8532 2188
8533 2709
8534 2032
8535 2709
8536 2656
8537 3021
8538 1980
8539 2031
8540 2500
8541 2136
8542 3906
8543 3125
8544 2344
8545 2395
8546 3177
8547 2187
8548 2552
8549 2761
8550 1927
8551 2605
8552 3750
8553 2083
8554 1979
8555 3645
8556 1979
8557 2396
8558 3438
8559 2031
8560 1979
8561 5313
8562 2499
8563 2552
8564 3750
8565 2291
8566 3437
8567 2240
8568 2292
8569 4583
8570 2239
8571 2135
8572 3958
8573 2240
8574 2032
8575 2708
8576 2396
8577 2343
8578 3229
8579 2187
8580 2083
8581 3750
8582 2031
8583 2031
8584 2187
8585 2708
8586 2239
8587 4583
8588 2292
8589 2239
8590 2656
8591 2344
8592 2032
8593 2552
8594 2656
8595 2239
8596 2031
8597 2135
8598 2760
8599 2083
8600 2396
8601 2396
8602 2135
8603 2187
8604 2448
8605 2031
8606 1823
8607 2448
8608 2396
8609 2656
8610 2188
8611 2240
8612 3489
8613 3750
8614 2343
8615 3281
8616 2552
8617 2031
8618 2500
8619 2084
8620 2031
8621 3437
8622 2136
8623 2604
8624 2031
8625 2291
8626 2031
8627 1823
8628 2239
8629 2239
8630 1875
8631 1823
8632 2292
8633 2396
8634 2500
8635 2708
8636 2031
8637 2708
8638 2343
8639 1875
8640 5312
8641 4948
8642 2291
8643 2865
8644 3334
8645 3125
8646 2344
8647 2760
8648 2187
8649 2761
8650 2865
8651 2396
8652 2239
8653 2187
8654 3646
8655 2239
8656 2864
8657 2604
8658 2187
8659 2240
8660 3282
8661 2396
8662 2031
8663 3282
8664 2657
8665 3490
8666 2760
8667 2552
8668 8645
8669 2552
8670 2239
8671 2292
8672 2917
8673 2864
8674 2865
8675 2240
8676 2865
8677 2552
8678 2083
8679 3594
8680 3177
8681 2344
8682 2135
8683 2500
8684 2136
8685 3386
8686 4218
8687 2084
8688 22448
8689 2344
8690 3437
8691 2292
8692 2239
8693 2187
8694 2448
8695 2500
8696 2240
8697 2135
8698 2084
8699 2865
8700 2188
8701 2135
8702 3333
8703 2135
8704 1822
8705 5261
8706 2499
8707 3490
8708 2552
8709 2448
8710 2292
8711 2761
8712 2344
8713 2187
8714 2917
8715 2239
8716 2916
8717 2240
8718 2344
8719 2604
8720 2136
8721 3125
8722 2396
8723 2239
8724 2708
8725 2187
8726 2552
8727 2552
8728 2396
8729 1979
8730 2031
8731 3021
8732 3125
8733 2240
8734 2656
8735 2395
8736 2031
8737 3177
8738 2291
8739 2240
8740 3959
8741 2500
8742 2656
8743 2552
8744 2396
8745 2656
8746 2291
8747 2396
8748 2500
8749 2812
8750 2448
8751 2760
8752 2708
8753 2396
8754 2240
8755 2188
8756 3333
8757 2239
8758 2969
8759 3334
8760 2395
8761 2240
8762 2917
8763 2291
8764 2812
8765 3229
8766 2500
8767 2396
8768 2968
8769 2344
8770 2187
8771 2760
8772 2969
8773 2448
8774 2187
8775 2136
8776 2656
8777 2761
8778 2240
8779 3125
8780 2240
8781 2292
8782 2343
8783 2187
8784 2031
8785 2344
8786 3593
8787 2188
8788 2188
8789 2552
8790 2136
8791 2552
8792 3073
8793 1980
8794 3438
8795 2447
8796 2187
8797 2448
8798 2083
8799 2343
8800 2187
8801 1927
8802 2500
8803 2604
8804 2240
8805 2344
8806 2552
8807 2136
8808 2032
8809 2396
8810 1875
8811 2917
8812 2084
8813 2031
8814 3125
8815 2083
8816 2552
8817 2917
8818 2239
8819 2344
8820 3177
8821 2188
8822 2031
8823 3906
8824 2031
8825 2135
8826 3281
8827 2239
8828 3438
8829 2240
8830 2291
8831 2343
8832 2136
8833 2136
8834 2604
8835 2031
8836 1979
8837 2396
8838 3281
8839 2083
8840 1979
8841 2344
8842 1823
8843 2083
8844 2187
8845 2812
8846 2187
8847 2136
8848 2708
8849 1927
8850 1771
8851 3490
8852 2187
8853 2031
8854 4375
8855 2500
8856 2396
8857 2708
8858 2396
8859 2396
8860 2656
8861 16978
8862 2552
8863 2344
8864 6511
8865 3593
8866 2657
8867 2344
8868 2656
8869 2553
8870 2396
8871 2291
8872 2604
8873 2239
8874 2083
8875 3750
8876 2447
8877 2188
8878 2500
8879 2135
8880 2031
8881 2552
8882 2552
8883 3802
8884 2031
8885 15520
8886 2604
8887 2083
8888 2604
8889 2031
8890 2031
8891 2292
8892 1823
8893 2136
8894 3698
8895 2240
8896 2240
8897 2553
8898 2083
8899 3490
8900 2604
8901 2448
8902 2031
8903 2031
8904 2708
8905 2136
8906 3750
8907 2396
8908 3906
8909 2604
8910 2604
8911 3125
8912 2396
8913 2240
8914 3020
8915 2500
8916 2187
8917 2813
8918 2396
8919 2344
8920 2500
8921 2344
8922 2188
8923 3281
8924 2500
8925 2812
8926 2396
8927 2239
8928 2500
8929 2813
8930 2605
8931 3073
8932 2031
8933 3906
8934 2292
8935 2292
8936 2656
8937 2240
8938 2708
8939 2395
8940 2448
8941 3437
8942 2448
8943 2969
8944 2500
8945 2500
8946 2812
8947 2240
8948 2917
8949 2291
8950 2552
8951 2552
8952 2292
8953 2500
8954 2552
8955 2187
8956 3489
8957 2552
8958 2605
8959 2500
8960 2239
8961 2916
8962 2813
8963 2448
8964 2292
8965 2240
8966 2657
8967 3073
8968 2448
8969 3177
8970 2500
8971 2500
8972 2709
8973 2292
8974 3020
8975 2604
8976 2448
8977 3020
8978 2500
8979 2760
8980 2916
8981 3594
8982 3333
8983 2448
8984 2657
8985 3073
8986 3073
8987 2396
8988 2344
8989 3021
8990 2396
8991 2500
8992 2083
8993 2292
8994 4792
8995 2239
8996 2343
8997 2604
8998 2239
8999 2031
9000 2031
9001 2656
9002 2187
9003 3750
9004 2500
9005 2864
9006 3594
9007 2395
9008 2448
9009 2187
9010 2396
9011 2032
9012 2917
9013 2239
9014 2969
9015 2500
9016 1979
9017 2396
9018 2761
9019 2239
9020 2864
9021 2916
9022 1979
9023 2865
9024 2865
9025 2552
9026 3281
9027 2760
9028 2396
9029 2604
9030 2031
9031 2552
9032 2240
9033 2031
9034 3125
9035 2187
9036 1979
9037 2448
9038 1823
9039 4063
9040 1823
9041 1823
9042 3490
9043 2083
9044 2031
9045 2448
9046 1979
9047 1823
9048 5834
9049 2292
9050 2187
9051 3958
9052 2031
9053 2656
9054 2916
9055 2188
9056 2865
9057 17395
9058 2083
9059 2500
9060 5885
9061 2291
9062 4271
9063 2187
9064 2031
9065 3489
9066 2031
9067 1979
9068 3593
9069 2240
9070 1874
9071 1875
9072 2656
9073 1875
9074 2396
9075 2448
9076 2813
9077 2031
9078 2135
9079 12343
9080 2240
9081 3541
9082 2344
9083 1979
9084 1823
9085 2500
9086 2760
9087 1823
9088 1823
9089 2083
9090 1771
9091 2240
9092 2864
9093 2083
9094 2031
9095 2292
9096 2084
9097 1927
9098 2395
9099 2344
9100 39270
9101 1979
9102 4635
9103 2448
9104 2396
9105 2500
9106 2031
9107 2344
9108 2448
9109 2188
9110 2031
9111 2552
9112 2031
9113 1979
9114 3020
9115 2916
9116 2500
9117 2135
9118 2136
9119 2448
9120 2656
9121 2083
9122 2187
9123 2448
9124 2188
9125 1875
9126 2135
9127 1875
9128 1823
9129 3489
9130 2239
9131 2135
9132 2396
9133 2187
9134 1875
9135 2135
9136 2396
9137 3854
9138 2448
9139 2291
9140 2708
9141 2292
9142 2136
9143 2500
9144 2500
9145 2291
9146 2083
9147 2083
9148 2812
9149 2136
9150 2552
9151 2760
9152 2031
9153 2031
9154 2396
9155 2136
9156 1927
9157 3646
9158 2448
9159 3021
9160 2500
9161 2083
9162 3125
9163 2552
9164 2136
9165 2032
9166 2969
9167 2031
9168 3906
9169 4011
9170 5938
9171 2864
9172 2448
9173 2865
9174 2761
9175 2240
9176 2448
9177 2969
9178 2395
9179 2188
9180 2344
9181 2917
9182 2291
9183 2604
9184 2187
9185 2188
9186 2448
9187 1979
9188 4375
9189 2396
9190 2292
9191 2448
9192 2136
9193 2552
9194 3281
9195 2344
9196 2032
9197 1980
9198 2656
9199 2083
9200 4115
9201 3490
9202 2239
9203 2292
9204 2813
9205 2188
9206 2969
9207 2708
9208 2031
9209 2708
9210 2812
9211 2031
9212 3489
9213 2135
9214 2292
9215 2032
9216 1823
9217 2604
9218 2031
9219 1979
9220 3594
9221 2239
9222 2344
9223 1979
9224 2396
9225 2708
9226 1979
9227 1927
9228 2708
9229 2187
9230 2448
9231 2031
9232 1927
9233 2552
9234 2031
9235 1822
9236 3281
9237 2396
9238 2500
9239 1979
9240 2135
9241 3073
9242 2031
9243 1979
9244 2448
9245 1979
9246 1822
9247 2083
9248 2604
9249 2135
9250 1927
9251 1823
9252 3021
9253 1979
9254 2240
9255 5000
9256 2187
9257 2135
9258 2291
9259 1823
9260 2968
9261 2552
9262 2083
9263 1979
9264 2968
9265 2240
9266 2448
9267 2916
9268 2292
9269 2344
9270 2656
9271 2240
9272 2031
9273 2709
9274 2552
9275 2136
9276 2031
9277 3334
9278 2709
9279 2083
9280 2135
9281 1822
9282 2083
9283 3229
9284 2239
9285 2188
9286 2552
9287 2187
9288 1979
9289 2552
9290 1979
9291 2136
9292 35937
9293 2188
9294 3229
9295 2657
9296 6406
9297 2031
9298 2813
9299 2135
9300 1823
9301 2396
9302 3958
9303 2031
9304 1979
9305 3072
9306 1823
9307 2500
9308 1823
9309 1823
9310 2187
9311 2239
9312 1875
9313 2239
9314 3177
9315 2135
9316 1979
9317 2239
9318 2448
9319 2291
9320 2396
9321 1875
9322 3021
9323 2760
9324 2708
9325 2396
9326 2188
9327 1823
9328 1927
9329 1927
9330 1615
9331 3125
9332 2083
9333 2187
9334 2031
9335 1823
9336 2292
9337 3958
9338 1979
9339 1928
9340 1875
9341 2343
9342 3177
9343 2240
9344 2240
9345 2500
9346 2292
9347 2084
9348 2552
9349 2084
9350 2136
9351 2657
9352 2084
9353 2032
9354 2344
9355 1823
9356 2969
9357 3021
9358 2135
9359 2448
9360 2395
9361 1875
9362 2292
9363 3906
9364 2083
9365 1979
9366 1823
9367 3229
9368 2396
9369 2657
9370 2553
9371 2188
9372 1875
9373 3698
9374 2447
9375 2292
9376 2500
9377 2240
9378 3334
9379 2500
9380 2083
9381 3854
9382 2187
9383 2240
9384 2031
9385 1823
9386 2760
9387 2083
9388 2187
9389 4896
9390 2344
9391 2239
9392 2604
9393 3177
9394 2605
9395 2656
9396 2812
9397 2031
9398 2188
9399 3177
9400 2708
9401 2083
9402 3698
9403 2864
9404 2448
9405 2344
9406 2396
9407 2188
9408 2708
9409 2813
9410 2291
9411 2239
9412 2500
9413 2812
9414 19270
9415 2709
9416 2761
9417 2448
9418 2240
9419 2291
9420 2604
9421 2188
9422 2084
9423 2761
9424 2761
9425 2188
9426 2187
9427 2135
9428 3958
9429 2031
9430 1979
9431 2136
9432 1822
9433 2500
9434 3385
9435 3958
9436 2604
9437 17604
9438 2136
9439 2657
9440 1823
9441 1979
9442 2500
9443 1927
9444 2396
9445 2500
9446 3698
9447 2239
9448 2188
9449 3021
9450 1823
9451 2500
9452 1875
9453 1823
9454 2083
9455 1615
9456 2136
9457 2136
9458 2084
9459 2083
9460 1979
9461 2395
9462 2917
9463 2136
9464 2188
9465 3490
9466 1979
9467 2396
9468 2708
9469 1927
9470 2239
9471 3906
9472 1979
9473 2552
9474 3073
9475 2135
9476 1875
9477 1927
9478 2084
9479 1719
9480 3073
9481 1875
9482 1979
9483 2552
9484 2500
9485 1875
9486 1875
9487 1979
9488 2083
9489 1666
9490 1614
9491 3542
9492 2136
9493 2188
9494 2395
9495 2083
9496 2760
9497 2032
9498 1823
9499 2812
9500 1927
9501 1875
9502 2083
9503 1823
9504 3854
9505 3802
9506 2292
9507 2500
9508 2188
9509 3229
9510 2708
9511 3177
9512 2083
9513 2135
9514 2656
9515 3438
9516 2032
9517 2865
9518 3334
9519 2292
9520 2448
9521 3073
9522 2291
9523 2188
9524 3282
9525 2604
9526 3229
9527 2291
9528 2344
9529 2709
9530 2187
9531 2760
9532 2031
9533 2084
9534 2448
9535 2396
9536 2084
9537 2187
9538 2396
9539 1875
9540 2917
9541 2135
9542 2031
9543 3854
9544 2239
9545 2187
9546 2604
9547 2031
9548 2291
9549 2135
9550 2083
9551 3125
9552 2031
9553 2031
9554 1771
9555 2917
9556 2552
9557 2187
9558 2813
9559 2761
9560 2083
9561 3385
9562 2448
9563 2187
9564 2135
9565 2500
9566 1770
9567 3229
9568 1927
9569 1823
9570 4063
9571 2187
9572 1979
9573 3072
9574 1927
9575 2656
9576 1823
9577 1823
9578 1927
9579 2709
9580 1875
9581 1771
9582 1615
9583 1875
9584 3698
9585 2031
9586 2084
9587 2291
9588 1979
9589 1927
9590 2239
9591 2240
9592 1927
9593 2709
9594 2084
9595 2188
9596 2291
9597 2031
9598 3177
9599 2083
9600 2136
9601 2344
9602 1823
9603 1771
9604 2344
9605 2188
9606 1979
9607 2500
9608 1979
9609 1927
9610 1875
9611 1719
9612 4427
9613 2032
9614 1771
9615 3698
9616 1719
9617 1875
9618 2187
9619 1927
9620 7187
9621 2240
9622 2084
9623 2396
9624 1875
9625 2396
9626 2500
9627 2812
9628 1823
9629 1823
9630 4218
9631 1823
9632 1927
9633 2084
9634 1614
9635 2968
9636 1979
9637 1823
9638 2032
9639 2709
9640 2292
9641 2031
9642 3437
9643 1979
9644 2448
9645 3229
9646 1980
9647 2917
9648 1927
9649 2396
9650 2291
9651 2448
9652 2083
9653 2188
9654 2552
9655 2031
9656 2187
9657 2813
9658 2084
9659 2188
9660 2448
9661 3229
9662 3177
9663 2396
9664 2552
9665 2239
9666 2031
9667 2812
9668 2396
9669 2136
9670 1875
9671 2396
9672 1875
9673 1823
9674 2396
9675 1979
9676 1771
9677 3072
9678 1979
9679 1667
9680 3542
9681 3125
9682 1979
9683 2656
9684 2239
9685 1823
9686 1615
9687 2291
9688 2083
9689 2656
9690 1666
9691 2708
9692 1875
9693 1823
9694 2240
9695 1980
9696 1615
9697 2188
9698 2708
9699 1823
9700 1823
9701 2239
9702 1927
9703 1614
9704 2135
9705 1771
9706 1563
9707 2605
9708 1823
9709 1667
9710 2656
9711 1563
9712 3281
9713 2761
9714 1823
9715 2031
9716 1823
9717 1771
9718 2188
9719 1979
9720 1771
9721 2604
9722 1875
9723 1875
9724 2292
9725 1667
9726 2188
9727 3593
9728 3177
9729 1823
9730 2500
9731 2865
9732 2136
9733 2136
9734 2395
9735 2708
9736 2240
9737 2657
9738 2500
9739 2291
9740 2031
9741 2240
9742 1823
9743 2239
9744 2917
9745 2708
9746 2500
9747 1927
9748 1771
9749 2343
9750 1823
9751 1718
9752 2969
9753 1875
9754 1927
9755 1979
9756 3125
9757 2188
9758 2812
9759 2135
9760 1979
9761 2083
9762 1822
9763 1771
9764 2239
9765 2500
9766 1979
9767 2240
9768 2708
9769 1927
9770 1927
9771 2760
9772 1823
9773 1667
9774 3593
9775 2188
9776 2344
9777 2656
9778 1927
9779 2605
9780 1875
9781 2292
9782 2396
9783 1979
9784 1822
9785 2031
9786 1667
9787 3177
9788 1667
9789 1563
9790 3125
9791 1771
9792 2188
9793 2083
9794 2187
9795 1979
9796 1927
9797 3281
9798 1615
9799 2344
9800 2187
9801 1770
9802 1771
9803 1980
9804 2136
9805 1615
9806 1562
9807 2604
9808 1563
9809 1407
9810 1979
9811 2135
9812 2031
9813 1615
9814 1615
9815 1980
9816 2136
9817 1823
9818 2291
9819 2292
9820 2240
9821 1875
9822 1771
9823 2187
9824 2604
9825 1771
9826 2188
9827 1667
9828 1823
9829 2605
9830 1667
9831 6249
9832 2031
9833 1823
9834 2188
9835 1823
9836 2187
9837 2396
9838 2135
9839 1979
9840 1771
9841 2448
9842 2188
9843 1927
9844 2292
9845 2135
9846 2135
9847 1875
9848 1771
9849 2343
9850 1771
9851 1614
9852 2395
9853 1667
9854 17030
9855 1979
9856 1823
9857 1718
9858 1823
9859 1770
9860 1458
9861 2656
9862 1667
9863 1615
9864 1771
9865 2031
9866 1770
9867 1615
9868 1823
9869 1562
9870 2083
9871 2656
9872 1562
9873 3750
9874 3334
9875 1927
9876 1563
9877 1458
9878 1979
9879 2032
9880 3646
9881 1875
9882 1666
9883 1875
9884 2136
9885 1666
9886 1666
9887 2708
9888 1562
9889 1823
9890 2031
9891 1459
9892 1511
9893 2917
9894 1666
9895 1719
9896 1615
9897 1875
9898 2240
9899 1719
9900 1666
9901 2604
9902 2083
9903 1666
9904 2135
9905 1979
9906 1823
9907 1667
9908 1615
9909 2188
9910 1718
9911 1406
9912 1771
9913 1511
9914 1563
9915 3386
9916 2344
9917 1614
9918 1406
9919 1771
9920 1354
9921 1250
9922 1510
9923 2031
9924 2916
9925 2292
9926 1407
9927 2084
9928 1927
9929 1458
9930 1354
9931 2083
9932 1458
9933 2187
9934 2084
9935 1666
9936 1667
9937 1249
9938 2865
9939 1614
9940 1562
9941 2396
9942 1563
9943 1458
9944 1667
9945 2239
9946 1250
9947 1666
9948 1875
9949 1458
9950 1355
9951 1250
9952 3333
9953 1563
9954 1406
9955 1823
9956 2292
9957 1666
9958 1250
9959 3333
9960 1770
9961 1250
9962 1354
9963 1875
9964 1510
9965 1302
9966 1510
9967 1718
9968 1458
9969 1198
9970 1406
9971 1563
9972 1041
9973 1614
9974 1510
9975 2135
9976 1563
9977 1458
9978 1198
9979 1510
9980 1355
9981 1354
9982 1041
9983 1198
9984 1302
9985 1354
9986 1094
9987 989
9988 1198
9989 1042
9990 1041
9991 2239
9992 1198
9993 886
9994 885
9995 2760
9996 885
9997 833
9998 625
9999 416
