0 32186
1 16614
2 29635
3 15260
4 15051
5 14791
6 20416
7 14999
8 16249
9 14843
10 14947
11 20364
12 15104
13 14947
14 16718
15 21458
16 14583
17 19375
18 14583
19 14375
20 20885
21 14739
22 20937
23 14114
24 14322
25 88956
26 15052
27 20520
28 14426
29 49738
30 22187
31 14791
32 21718
33 19895
34 14375
35 20364
36 14531
37 15989
38 30468
39 18802
40 28229
41 14270
42 14166
43 34217
44 14582
45 19166
46 14323
47 14323
48 19531
49 16875
50 20103
51 14114
52 13750
53 21406
54 14167
55 22083
56 14270
57 13854
58 21927
59 13958
60 20989
61 15937
62 14062
63 19948
64 13750
65 32238
66 14010
67 77862
68 21041
69 14426
70 52864
71 14531
72 13906
73 20364
74 15572
75 13853
76 19583
77 13698
78 19427
79 13802
80 13437
81 32187
82 13697
83 21510
84 13697
85 13489
86 19739
87 13698
88 18698
89 13385
90 13437
91 18749
92 13541
93 19948
94 13749
95 13489
96 18385
97 13385
98 18281
99 14583
