0 11406
1 39895
2 17603
3 16666
4 15520
5 17343
6 15364
7 15208
8 15208
9 15051
10 15781
11 14948
12 43072
13 15781
14 15052
15 15156
16 30729
17 16249
18 15052
19 20937
20 15051
21 22344
22 14844
23 15052
24 39218
25 15729
26 21302
27 14843
28 14583
29 19791
30 14687
31 19739
32 14896
33 15260
34 19792
35 14687
36 19687
37 14687
38 14427
39 20937
40 14635
41 19843
42 14635
43 14375
44 20417
45 15833
46 21041
47 14531
48 14270
49 19844
50 14427
51 15417
52 27447
53 14895
54 19218
55 14271
56 14114
57 36771
58 15052
59 19844
60 14427
61 14219
62 35364
63 15520
64 19635
65 14166
66 14010
67 20364
68 14531
69 19167
70 14167
71 14114
72 19323
73 14427
74 20573
75 14271
76 14062
77 19115
78 14323
79 19062
80 15104
81 13750
82 30728
83 14219
84 19062
85 14115
86 15000
87 19114
88 14115
89 13958
90 25104
91 14167
92 25000
93 14062
94 13854
95 19062
96 14062
97 19114
98 14999
99 13906
100 18906
101 14062
102 18750
103 13854
104 13906
105 23958
106 14374
107 29374
108 14010
109 15833
110 35572
111 14166
112 19374
113 13854
114 13854
115 20156
116 13490
117 18593
118 13750
119 13594
120 18698
121 14687
122 18645
123 13750
124 13333
125 18645
126 13645
127 13437
128 24791
129 13645
130 18906
131 13438
132 13229
133 18541
134 14739
135 18853
136 13489
137 13438
138 18333
139 13749
140 18229
141 13698
142 13437
143 18646
144 13490
145 20052
146 13385
147 14322
148 19739
149 13229
150 18437
151 1823
152 1615
153 6093
154 1666
155 5521
156 1563
157 1562
158 5364
159 1666
160 1614
161 6145
162 1667
163 9115
164 1667
165 1562
166 13229
167 1667
168 5469
169 1667
170 1614
171 5625
172 1667
173 6822
174 1719
175 1614
176 5417
177 1614
178 19010
179 1823
180 1563
181 5781
182 1615
183 5573
184 1614
185 1563
186 5469
187 1667
188 5521
189 1563
190 1666
191 11094
192 1667
193 5312
194 1667
195 1614
196 6198
197 1615
198 1563
199 5677
200 1667
201 5313
202 1667
203 1562
204 12343
205 1719
206 5625
207 1614
208 1562
209 5261
210 1718
211 5521
212 1563
213 1614
214 5469
215 2656
216 5469
217 1615
218 1562
219 5417
220 1667
221 5417
222 1615
223 1510
224 5364
225 1667
226 5625
227 1562
228 1615
229 5520
230 1615
231 5834
232 1615
233 1563
234 5312
235 1667
236 1562
237 6458
238 1666
239 5261
240 1666
241 1563
242 21042
243 1666
244 5521
245 1667
246 1562
247 5677
248 1667
249 5260
250 1719
251 1615
252 5573
253 1667
254 6770
255 2760
256 1563
257 5365
258 1615
259 5625
260 1563
261 1615
262 5312
263 1666
264 5313
265 1614
266 1615
267 5469
268 1615
269 6197
270 1614
271 1511
272 5989
273 1615
274 1562
275 9896
276 2864
277 9896
278 1614
279 1510
280 12604
281 2708
282 5573
283 1666
284 1563
285 5417
286 1719
287 5469
288 1615
289 1510
290 5312
291 1614
292 5781
293 1615
294 1562
295 6458
296 1614
297 5312
298 1615
299 1562
300 5364
301 1614
302 5209
303 1614
304 1563
305 5261
306 1666
307 1563
308 6042
309 1614
310 5729
311 1666
312 1615
313 5312
314 1615
315 5416
316 1615
317 21822
318 16249
319 1719
320 5625
321 1615
322 1562
323 5781
324 1615
325 5364
326 1667
327 1562
328 6302
329 1666
330 5729
331 1667
332 1562
333 7708
334 1614
335 6615
336 1719
337 1563
338 6719
339 1614
340 7083
341 1667
342 1615
343 5833
344 1667
345 1562
346 5312
347 1667
348 5417
349 1615
350 3125
351 5990
352 1615
353 5781
354 1615
355 1615
356 11874
357 1615
358 12708
359 1666
360 1563
361 5469
362 1667
363 6718
364 1614
365 1563
366 5729
367 1614
368 7552
369 1666
370 1563
371 6407
372 1667
373 5468
374 1615
375 1562
376 5313
377 1666
378 5313
379 1719
380 1562
381 5625
382 1615
383 1563
384 5989
385 1615
386 5416
387 1614
388 1563
389 6250
390 1667
391 6302
392 1614
393 1615
394 12083
395 1667
396 5468
397 1614
398 1563
399 8386
400 1667
401 15885
402 1615
403 1562
404 5833
405 1615
406 5312
407 2344
408 1615
409 6042
410 1667
411 6093
412 1614
413 1563
414 6146
415 1615
416 1614
417 6458
418 1718
419 5886
420 1615
421 1562
422 5416
423 1666
424 5469
425 1615
426 1562
427 5937
428 1666
429 6667
430 1615
431 1563
432 12552
433 1719
434 5989
435 1666
436 1562
437 5417
438 1771
439 6302
440 1615
441 1563
442 9010
443 1719
444 5364
445 1615
446 1562
447 5417
448 2760
449 5886
450 1667
451 1510
452 5677
453 1615
454 1563
455 6197
456 1614
457 5313
458 1615
459 1563
460 6250
461 1666
462 5521
463 1615
464 1562
465 5677
466 1615
467 5781
468 1667
469 1614
470 29270
471 1667
472 5937
473 1614
474 1614
475 5677
476 1667
477 5520
478 1614
479 1615
480 6041
481 1563
482 5572
483 1562
484 1614
485 5677
486 1563
487 5625
488 1823
489 1667
490 6146
491 1614
492 1563
493 6146
494 1615
495 5364
496 1615
497 1562
498 6667
499 1615
500 6302
501 1614
502 1615
503 5313
504 1615
505 7136
506 1667
507 1510
508 11979
509 1718
510 6563
511 1615
512 1562
513 6250
514 1563
515 6093
516 1614
517 1562
518 5313
519 1614
520 5365
521 1615
522 1562
523 5312
524 1667
525 11198
526 1718
527 1615
528 6197
529 1666
530 1615
531 5937
532 1615
533 5937
534 1615
535 1562
536 6146
537 1614
538 6302
539 1667
540 1667
541 6615
542 1667
543 5469
544 1667
545 1614
546 12031
547 1614
548 5521
549 1615
550 1614
551 6510
552 1667
553 6510
554 1615
555 1615
556 5885
557 1615
558 5833
559 1615
560 1614
561 15677
562 1667
563 1562
564 5677
565 1719
566 5521
567 1615
568 1563
569 5781
570 1719
571 6667
572 1614
573 1615
574 6666
575 1667
576 6510
577 1614
578 1615
579 7240
580 1614
581 5938
582 1615
583 1510
584 13645
585 1667
586 5886
587 1615
588 1563
589 5572
590 1666
591 6667
592 1615
593 1562
594 6458
595 1667
596 6198
597 1615
598 1562
599 5469
600 1614
601 1563
602 6301
603 1614
604 7292
605 1719
606 1614
607 6458
608 1614
609 9531
610 1718
611 1615
612 6250
613 1563
614 5937
615 1667
616 1614
617 6510
618 1614
619 5781
620 1614
621 1615
622 12083
623 1823
624 9947
625 1719
626 1563
627 6198
628 1667
629 5521
630 1615
631 1614
632 5521
633 1667
634 5885
635 1667
636 1562
637 5521
638 1667
639 1563
640 32968
641 1667
642 6666
643 1614
644 1563
645 5729
646 1666
647 5990
648 1615
649 1614
650 6041
651 1614
652 6198
653 1667
654 1614
655 6146
656 2865
657 6510
658 1667
659 1562
660 13541
661 1718
662 6667
663 1719
664 1614
665 5260
666 1614
667 5469
668 1667
669 1562
670 5625
671 1667
672 1614
673 6250
674 1615
675 6041
676 1667
677 1562
678 6250
679 1615
680 5834
681 1667
682 1563
683 6614
684 1614
685 5625
686 1719
687 1615
688 6198
689 1667
690 5573
691 1614
692 1563
693 10208
694 1614
695 6510
696 1718
697 1563
698 12343
699 1615
700 6041
701 1614
702 1615
703 6094
704 1615
705 5625
706 1666
707 1667
708 5469
709 1615
710 1562
711 5833
712 1666
713 6094
714 1615
715 1562
716 12916
717 1666
718 6354
719 1667
720 1614
721 15104
722 1667
723 6719
724 1615
725 1562
726 5521
727 1667
728 6770
729 1614
730 1615
731 5677
732 1666
733 6301
734 1614
735 1563
736 12344
737 1615
738 8073
739 1614
740 1562
741 7083
742 1667
743 5937
744 1666
745 1563
746 5677
747 1667
748 2084
749 5781
750 1667
751 5468
752 1666
753 1614
754 5677
755 1614
756 6042
757 1667
758 1718
759 5365
760 1615
761 6718
762 1614
763 1562
764 5729
765 1614
766 5312
767 1562
768 1563
769 6042
770 1615
771 6250
772 1719
773 1615
774 33749
775 5885
776 11406
777 1719
778 1615
779 7709
780 1667
781 7292
782 1667
783 1614
784 6094
785 1563
786 1563
787 5677
788 1666
789 6510
790 1823
791 1563
792 7708
793 1615
794 7187
795 1615
796 1615
797 5677
798 1666
799 6979
800 1614
801 1562
802 5625
803 1718
804 5885
805 1615
806 1562
807 5365
808 1666
809 5677
810 1667
811 1614
812 12083
813 1666
814 6042
815 1615
816 1510
817 5937
818 1667
819 1563
820 6667
821 1615
822 6614
823 1667
824 1614
825 9063
826 1615
827 7500
828 1666
829 1615
830 5417
831 1615
832 6719
833 1667
834 1615
835 6666
836 1666
837 5989
838 1614
839 1615
840 6563
841 1563
842 5937
843 1615
844 1614
845 7083
846 1614
847 5469
848 1615
849 1510
850 12187
851 1666
852 5677
853 1615
854 1511
855 5781
856 1614
857 1563
858 8229
859 1718
860 11406
861 1666
862 1563
863 5417
864 1875
865 6511
866 1614
867 1563
868 5624
869 1667
870 5990
871 1615
872 1614
873 6094
874 1614
875 7083
876 1666
877 1563
878 5521
879 1615
880 16562
881 1614
882 1563
883 6563
884 1667
885 6927
886 1615
887 1562
888 11510
889 1719
890 5572
891 1667
892 1614
893 7604
894 1667
895 1614
896 7031
897 1563
898 6302
899 1614
900 1563
901 7448
902 4062
903 10208
904 3125
905 1562
906 31406
907 1719
908 6875
909 1614
910 1562
911 6510
912 1666
913 6563
914 1667
915 1563
916 6614
917 1614
918 6198
919 1614
920 1563
921 17291
922 1667
923 5572
924 1666
925 1615
926 7447
927 1614
928 1562
929 5625
930 1666
931 6094
932 1615
933 1562
934 8333
935 1667
936 8750
937 1615
938 1562
939 6823
940 1667
941 5364
942 1615
943 1562
944 11666
945 1666
946 6302
947 2032
948 1562
949 5833
950 1667
951 6302
952 1615
953 1614
954 6146
955 1719
956 5937
957 1614
958 1562
959 13437
960 1615
961 5885
962 1615
963 1562
964 5469
965 1667
966 1615
967 5468
968 1614
969 5573
970 1667
971 1562
972 6146
973 1562
974 6146
975 1615
976 1562
977 6458
978 1719
979 8125
980 1718
981 1614
982 5729
983 1615
984 5416
985 1615
986 1562
987 6302
988 1615
989 5468
990 1615
991 1614
992 5885
993 1614
994 5677
995 1615
996 1562
997 11562
998 1614
999 6667
1000 1615
1001 1562
1002 5833
1003 1666
1004 1615
1005 5364
1006 1667
1007 5677
1008 1615
1009 1562
1010 5417
1011 1667
1012 6145
1013 1667
1014 1562
1015 6719
1016 1667
1017 6250
1018 1614
1019 1615
1020 9322
1021 1667
1022 7031
1023 1562
1024 1563
1025 5469
1026 1615
1027 10364
1028 1667
1029 1562
1030 5573
1031 1667
1032 5885
1033 1562
1034 1510
1035 21979
1036 1614
1037 24479
1038 1719
1039 1510
1040 6822
1041 1614
1042 1563
1043 6250
1044 1614
1045 5365
1046 1667
1047 1562
1048 5833
1049 1563
1050 5364
1051 1562
1052 1563
1053 5677
1054 5260
1055 20885
1056 1719
1057 1562
1058 6042
1059 1615
1060 6093
1061 1666
1062 1615
1063 5730
1064 1614
1065 5208
1066 1615
1067 1615
1068 5729
1069 1667
1070 5625
1071 2396
1072 1614
1073 11875
1074 1615
1075 1562
1076 5833
1077 1667
1078 5989
1079 1614
1080 1615
1081 5625
1082 1614
1083 5312
1084 1666
1085 1615
1086 10208
1087 1666
1088 6719
1089 1615
1090 1562
1091 7187
1092 1667
1093 5782
1094 1614
1095 1563
1096 5989
1097 1666
1098 5886
1099 1615
1100 1563
1101 5312
1102 1667
1103 5625
1104 1615
1105 1614
1106 5260
1107 1666
1108 5417
1109 1666
1110 1563
1111 16771
1112 1667
1113 1614
1114 5677
1115 1615
1116 7916
1117 1614
1118 1563
1119 5677
1120 1614
1121 6302
1122 1719
1123 1615
1124 5834
1125 1615
1126 5469
1127 1615
1128 1666
1129 5417
1130 1562
1131 7865
1132 1615
1133 1562
1134 5729
1135 1667
1136 5312
1137 1666
1138 1562
1139 5469
1140 1615
1141 6562
1142 1614
1143 1563
1144 5521
1145 1563
1146 5885
1147 1615
1148 1614
1149 12239
1150 1563
1151 1615
1152 5677
1153 1614
1154 5625
1155 1614
1156 1615
1157 5417
1158 1615
1159 5937
1160 1615
1161 1563
1162 5729
1163 1666
1164 5417
1165 1563
1166 1563
1167 5260
1168 1667
1169 5365
1170 1666
1171 1615
1172 5313
1173 3229
1174 6615
1175 1719
1176 1667
1177 6093
1178 1562
1179 5989
1180 1563
1181 1562
1182 5885
1183 1719
1184 1563
1185 5938
1186 1615
1187 28333
1188 1719
1189 1563
1190 6511
1191 1615
1192 5677
1193 1615
1194 1562
1195 21302
1196 2083
1197 5729
1198 3230
1199 1614
1200 7396
1201 1563
1202 5573
1203 1562
1204 1615
1205 6093
1206 1666
1207 5364
1208 1614
1209 1510
1210 5417
1211 1615
1212 5624
1213 1614
1214 1563
1215 5572
1216 1614
1217 5365
1218 2865
1219 1614
1220 5729
1221 1563
1222 1615
1223 8645
1224 1667
1225 13958
1226 1614
1227 1562
1228 5521
1229 1615
1230 5729
1231 1667
1232 1563
1233 6041
1234 1667
1235 6093
1236 1666
1237 1563
1238 6354
1239 1667
1240 7135
1241 1667
1242 1614
1243 5886
1244 1667
1245 5677
1246 1562
1247 1563
1248 5261
1249 1615
1250 5625
1251 1562
1252 1615
1253 6406
1254 1614
1255 5677
1256 1666
1257 1563
1258 5625
1259 1666
1260 1563
1261 5990
1262 1666
1263 12083
1264 1614
1265 1719
1266 5468
1267 1614
1268 5469
1269 1667
1270 1614
1271 5833
1272 1614
1273 5677
1274 1614
1275 1562
1276 6146
1277 1667
1278 10416
1279 1771
1280 1615
1281 7292
1282 1615
1283 5573
1284 1666
1285 1615
1286 5781
1287 1615
1288 5312
1289 1614
1290 1614
1291 5781
1292 1614
1293 5312
1294 1614
1295 1511
1296 5782
1297 1614
1298 1615
1299 5573
1300 1614
1301 13021
1302 1667
1303 1562
1304 6823
1305 1719
1306 7135
1307 1614
1308 1511
1309 5313
1310 1667
1311 6197
1312 1614
1313 1563
1314 5729
1315 1667
1316 7031
1317 1563
1318 1563
1319 5834
1320 1667
1321 5364
1322 1823
1323 1666
1324 10000
1325 1666
1326 5886
1327 1562
1328 1563
1329 5312
1330 1667
1331 1614
1332 7448
1333 1615
1334 6510
1335 1667
1336 1562
1337 7292
1338 1562
1339 30885
1340 1771
1341 1563
1342 7031
1343 1614
1344 6094
1345 1615
1346 1614
1347 7969
1348 1563
1349 6198
1350 1666
1351 1615
1352 6198
1353 1614
1354 16250
1355 1666
1356 1667
1357 5885
1358 1615
1359 6041
1360 1614
1361 1563
1362 10365
1363 1666
1364 7656
1365 1614
1366 1562
1367 6094
1368 1667
1369 1562
1370 5416
1371 1719
1372 5885
1373 1614
1374 1614
1375 6146
1376 1667
1377 12708
1378 1667
1379 1562
1380 8125
1381 1667
1382 8437
1383 1614
1384 1615
1385 6823
1386 1719
1387 5677
1388 1667
1389 1563
1390 5364
1391 1614
1392 6823
1393 1615
1394 1562
1395 5364
1396 1718
1397 6406
1398 1614
1399 1563
1400 6406
1401 1562
1402 5469
1403 1667
1404 1563
1405 6354
1406 1666
1407 1563
1408 6094
1409 2188
1410 5468
1411 1718
1412 1615
1413 7499
1414 1614
1415 11458
1416 1615
1417 1614
1418 8385
1419 1614
1420 7656
1421 1615
1422 1562
1423 5990
1424 1615
1425 5573
1426 1615
1427 1562
1428 6302
1429 1614
1430 6250
1431 1614
1432 1614
1433 6562
1434 1615
1435 5625
1436 1614
1437 1562
1438 5729
1439 1615
1440 1562
1441 6198
1442 1719
1443 5677
1444 1563
1445 1563
1446 9635
1447 1719
1448 6718
1449 1614
1450 1615
1451 5416
1452 1666
1453 12968
1454 1666
1455 1563
1456 5677
1457 1614
1458 7135
1459 1614
1460 1563
1461 5468
1462 1666
1463 6979
1464 1615
1465 1614
1466 7188
1467 1719
1468 5885
1469 1614
1470 1615
1471 5313
1472 1719
1473 7187
1474 5885
1475 1666
1476 8125
1477 1667
1478 1614
1479 5729
1480 1718
1481 6250
1482 1667
1483 1614
1484 6406
1485 1667
1486 6666
1487 1719
1488 1615
1489 8594
1490 1614
1491 12969
1492 1719
1493 1666
1494 6250
1495 1615
1496 7291
1497 1614
1498 1563
1499 5885
1500 1615
1501 6510
1502 1615
1503 1563
1504 5625
1505 1615
1506 6198
1507 1719
1508 1719
1509 6302
1510 1615
1511 5365
1512 1667
1513 1563
1514 16874
1515 1719
1516 1562
1517 6249
1518 1614
1519 6302
1520 1667
1521 1562
1522 5833
1523 1666
1524 7240
1525 1615
1526 1562
1527 5885
1528 1614
1529 17083
1530 1667
1531 1562
1532 5573
1533 1614
1534 7865
1535 1615
1536 1614
1537 5833
1538 1823
1539 6511
1540 1667
1541 1562
1542 5729
1543 2865
1544 5781
1545 1667
1546 1719
1547 7344
1548 2813
1549 6719
1550 1667
1551 1615
1552 5625
1553 1666
1554 1615
1555 5782
1556 1615
1557 5365
1558 1615
1559 1563
1560 6718
1561 1614
1562 6042
1563 1719
1564 1562
1565 8594
1566 1615
1567 14167
1568 1562
1569 1563
1570 6511
1571 1615
1572 6042
1573 1563
1574 1563
1575 5729
1576 1667
1577 5521
1578 1615
1579 1614
1580 6823
1581 1666
1582 8229
1583 1667
1584 1615
1585 5990
1586 1615
1587 1562
1588 8333
1589 1614
1590 8125
1591 1667
1592 1562
1593 5937
1594 1666
1595 6406
1596 1667
1597 1562
1598 5990
1599 1667
1600 6562
1601 1615
1602 1562
1603 6354
1604 1667
1605 12135
1606 1666
1607 1563
1608 8749
1609 1667
1610 8281
1611 1667
1612 1563
1613 8749
1614 3490
1615 6302
1616 1615
1617 1562
1618 5416
1619 1667
1620 25051
1621 1667
1622 5468
1623 5885
1624 1615
1625 1562
1626 6198
1627 1615
1628 6614
1629 1718
1630 1667
1631 6458
1632 1615
1633 5885
1634 1667
1635 1562
1636 5833
1637 1562
1638 21302
1639 1615
1640 1614
1641 6719
1642 1615
1643 12447
1644 1563
1645 1562
1646 6719
1647 1615
1648 6354
1649 1614
1650 1719
1651 6042
1652 1615
1653 6563
1654 1719
1655 1562
1656 5989
1657 1615
1658 5990
1659 1615
1660 1510
1661 6093
1662 2187
1663 1615
1664 6666
1665 1615
1666 6510
1667 1614
1668 1615
1669 5885
1670 1667
1671 6042
1672 1615
1673 1562
1674 17187
1675 2656
1676 6302
1677 1615
1678 1562
1679 6458
1680 1563
1681 12812
1682 1615
1683 1562
1684 6927
1685 1615
1686 7239
1687 1615
1688 1562
1689 6562
1690 1667
1691 7969
1692 1615
1693 1562
1694 5469
1695 1667
1696 5885
1697 8854
1698 1666
1699 7500
1700 1667
1701 1562
1702 5781
1703 1615
1704 7448
1705 1614
1706 1615
1707 6302
1708 1614
1709 6927
1710 2865
1711 1614
1712 6562
1713 1666
1714 6198
1715 1615
1716 1562
1717 6511
1718 1614
1719 11563
1720 1615
1721 1562
1722 8594
1723 1667
1724 8282
1725 1666
1726 1615
1727 10052
1728 1719
1729 5989
1730 2708
1731 1614
1732 6302
1733 1615
1734 1562
1735 6302
1736 1667
1737 6718
1738 1562
1739 1563
1740 8802
1741 1719
1742 36093
1743 5781
1744 1614
1745 6302
1746 1614
1747 6302
1748 1614
1749 1562
1750 5260
1751 1979
1752 13906
1753 1666
1754 1563
1755 5833
1756 1875
1757 8333
1758 1667
1759 1563
1760 5782
1761 1614
1762 5885
1763 1614
1764 1563
1765 6198
1766 1614
1767 6198
1768 1667
1769 1562
1770 5677
1771 1667
1772 1614
1773 6198
1774 1615
1775 5625
1776 1718
1777 1563
1778 5989
1779 1615
1780 12500
1781 1771
1782 1615
1783 8645
1784 1614
1785 8177
1786 1666
1787 1615
1788 5989
1789 1614
1790 11614
1791 1667
1792 1562
1793 6093
1794 1614
1795 6042
1796 1562
1797 1563
1798 6302
1799 1615
1800 5833
1801 1615
1802 1562
1803 5677
1804 1667
1805 5573
1806 1667
1807 1562
1808 6146
1809 1667
1810 1614
1811 8073
1812 1615
1813 5782
1814 1615
1815 1563
1816 7604
1817 1563
1818 8125
1819 1615
1820 1615
1821 6041
1822 1666
1823 5417
1824 1667
1825 1562
1826 5469
1827 1667
1828 22500
1829 1719
1830 1667
1831 5625
1832 1666
1833 6146
1834 1615
1835 1562
1836 5469
1837 1615
1838 5885
1839 1563
1840 1562
1841 5885
1842 1666
1843 1615
1844 5781
1845 1667
1846 5937
1847 1667
1848 1563
1849 6927
1850 1666
1851 5677
1852 1666
1853 1563
1854 5365
1855 1563
1856 5468
1857 1666
1858 1666
1859 5938
1860 1667
1861 5729
1862 1614
1863 1563
1864 9063
1865 1718
1866 12396
1867 1666
1868 1615
1869 7708
1870 1614
1871 5937
1872 1614
1873 1510
1874 5469
1875 1615
1876 6458
1877 1562
1878 1562
1879 5729
1880 1615
1881 1562
1882 5833
1883 1719
1884 5937
1885 1614
1886 1563
1887 5937
1888 1719
1889 5573
1890 1875
1891 1614
1892 10573
1893 1718
1894 6146
1895 1615
1896 1510
1897 5625
1898 1667
1899 5677
1900 1615
1901 1615
1902 9010
1903 1667
1904 13593
1905 1719
1906 1563
1907 20937
1908 1719
1909 6041
1910 1615
1911 1562
1912 7084
1913 1615
1914 7448
1915 1614
1916 1615
1917 5208
1918 1666
1919 1563
1920 5833
1921 1666
1922 6875
1923 1771
1924 1563
1925 5937
1926 1615
1927 5260
1928 1562
1929 1562
1930 5937
1931 1614
1932 6458
1933 1719
1934 1615
1935 6302
1936 1615
1937 5364
1938 1667
1939 1667
1940 5729
1941 1614
1942 13073
1943 1667
1944 1563
1945 5782
1946 1666
1947 12188
1948 1771
1949 1615
1950 5364
1951 1562
1952 1562
1953 5313
1954 1719
1955 5520
1956 1614
1957 1563
1958 5417
1959 1615
1960 6302
1961 1771
1962 1511
1963 6458
1964 1667
1965 5573
1966 1667
1967 1562
1968 5781
1969 1615
1970 5885
1971 1615
1972 1562
1973 5729
1974 1667
1975 6770
1976 1562
1977 1563
1978 5781
1979 1666
1980 11718
1981 1614
1982 1563
1983 7083
1984 1719
1985 5729
1986 1615
1987 1510
1988 16770
1989 1614
1990 1563
1991 6823
1992 1614
1993 5417
1994 1614
1995 1563
1996 6042
1997 1667
1998 5364
1999 2135
2000 1614
2001 5781
2002 2656
2003 5989
2004 1666
2005 1563
2006 5833
2007 1615
2008 5416
2009 1666
2010 1563
2011 6354
2012 1614
2013 12916
2014 1614
2015 1562
2016 6198
2017 1615
2018 12551
2019 1563
2020 1563
2021 8020
2022 1614
2023 6198
2024 1615
2025 1614
2026 5417
2027 1667
2028 1614
2029 8489
2030 1718
2031 9740
2032 1719
2033 2136
2034 5520
2035 1666
2036 5885
2037 1614
2038 1615
2039 5521
2040 1667
2041 6302
2042 1719
2043 1667
2044 8385
2045 1666
2046 8646
2047 1615
2048 1510
2049 6041
2050 1666
2051 6250
2052 1666
2053 1563
2054 5469
2055 1615
2056 12812
2057 1614
2058 1771
2059 6146
2060 1615
2061 5624
2062 1615
2063 1563
2064 5729
2065 1667
2066 1562
2067 8385
2068 1614
2069 7083
2070 1666
2071 1563
2072 5469
2073 1563
2074 5312
2075 1615
2076 1562
2077 5365
2078 1615
2079 6511
2080 1666
2081 1563
2082 6093
2083 1666
2084 6563
2085 1614
2086 1563
2087 6511
2088 1615
2089 5886
2090 1615
2091 1562
2092 6458
2093 1667
2094 11666
2095 1614
2096 1615
2097 6198
2098 1614
2099 1562
2100 5781
2101 1614
2102 5521
2103 1614
2104 1615
2105 5833
2106 1667
2107 6302
2108 1562
2109 1511
2110 6093
2111 1667
2112 5989
2113 1614
2114 1563
2115 10938
2116 1666
2117 7500
2118 1667
2119 1510
2120 6250
2121 1563
2122 5521
2123 1562
2124 1614
2125 5625
2126 1615
2127 6197
2128 1614
2129 1563
2130 6094
2131 1667
2132 12448
2133 1615
2134 1614
2135 5989
2136 1719
2137 1615
2138 7292
2139 1667
2140 6614
2141 1666
2142 1562
2143 6823
2144 1562
2145 7916
2146 1666
2147 1615
2148 17708
2149 1719
2150 8125
2151 2813
2152 1875
2153 5833
2154 1666
2155 5781
2156 1666
2157 1563
2158 6667
2159 1667
2160 5989
2161 1614
2162 1563
2163 6406
2164 1615
2165 6250
2166 1718
2167 1614
2168 5885
2169 1562
2170 11666
2171 1615
2172 1615
2173 8489
2174 1666
2175 1615
2176 5416
2177 1615
2178 6146
2179 1614
2180 1511
2181 5468
2182 1666
2183 7083
2184 1614
2185 1563
2186 5833
2187 1667
2188 6510
2189 1615
2190 1562
2191 22499
2192 3073
2193 10312
2194 1615
2195 1562
2196 7187
2197 1615
2198 11197
2199 1666
2200 1563
2201 6146
2202 1667
2203 5468
2204 1614
2205 1563
2206 5416
2207 1666
2208 1667
2209 26926
2210 1666
2211 6979
2212 1666
2213 1615
2214 5989
2215 1614
2216 5781
2217 1615
2218 1615
2219 6771
2220 1615
2221 6041
2222 1666
2223 1563
2224 7916
2225 1614
2226 6094
2227 1719
2228 1563
2229 7031
2230 1667
2231 5625
2232 1666
2233 1563
2234 5729
2235 1614
2236 5417
2237 1615
2238 1614
2239 6562
2240 1615
2241 5885
2242 1666
2243 1614
2244 5886
2245 1666
2246 1563
2247 11927
2248 1614
2249 8333
2250 1667
2251 1562
2252 6041
2253 1614
2254 6406
2255 1615
2256 1562
2257 5469
2258 1667
2259 7031
2260 1614
2261 1563
2262 5520
2263 1667
2264 6771
2265 1667
2266 1614
2267 6406
2268 1667
2269 5417
2270 1615
2271 1562
2272 7187
2273 1718
2274 5886
2275 1615
2276 1562
2277 5521
2278 1614
2279 6354
2280 1666
2281 1510
2282 9687
2283 1719
2284 1615
2285 14062
2286 1666
2287 6667
2288 1667
2289 1562
2290 6041
2291 1666
2292 5729
2293 1667
2294 1562
2295 6146
2296 1771
2297 5260
2298 1666
2299 1615
2300 6770
2301 1615
2302 5624
2303 1510
2304 2812
2305 6250
2306 1614
2307 16927
2308 1667
2309 1562
2310 6354
2311 1615
2312 6093
2313 1615
2314 1615
2315 6145
2316 1614
2317 5313
2318 1666
2319 1563
2320 6041
2321 1615
2322 1562
2323 13489
2324 1667
2325 7864
2326 1614
2327 1562
2328 6406
2329 1614
2330 7864
2331 1614
2332 1615
2333 5938
2334 1667
2335 6302
2336 1614
2337 1511
2338 5833
2339 1667
2340 5416
2341 1666
2342 1563
2343 6979
2344 5416
2345 5416
2346 1667
2347 1562
2348 5833
2349 1666
2350 5729
2351 1614
2352 1563
2353 6926
2354 1666
2355 1563
2356 7500
2357 1614
2358 7552
2359 1719
2360 1563
2361 29375
2362 1667
2363 5885
2364 1718
2365 1563
2366 9531
2367 1719
2368 6302
2369 1667
2370 1511
2371 6198
2372 1614
2373 6094
2374 1719
2375 3802
2376 6458
2377 1614
2378 6406
2379 1667
2380 1614
2381 6042
2382 1719
2383 5521
2384 1614
2385 1614
2386 6198
2387 1666
2388 5833
2389 1614
2390 1615
2391 5677
2392 1823
2393 1614
2394 6198
2395 1614
2396 6667
2397 1614
2398 1563
2399 11458
2400 1667
2401 7708
2402 1615
2403 1563
2404 5886
2405 1666
2406 6094
2407 1615
2408 1562
2409 5938
2410 1667
2411 5937
2412 1563
2413 1562
2414 5573
2415 2708
2416 5885
2417 1614
2418 2136
2419 5989
2420 1667
2421 6354
2422 1615
2423 1510
2424 5781
2425 1667
2426 5937
2427 1667
2428 1615
2429 5886
2430 1771
2431 1562
2432 6667
2433 1510
2434 7135
2435 1667
2436 1615
2437 11874
2438 1615
2439 6927
2440 1667
2441 1562
2442 6562
2443 1666
2444 5521
2445 1667
2446 1667
2447 5990
2448 1615
2449 9947
2450 1666
2451 1563
2452 6510
2453 1667
2454 7292
2455 1667
2456 1563
2457 6146
2458 1614
2459 5469
2460 1667
2461 1562
2462 5677
2463 1615
2464 1614
2465 5365
2466 1614
2467 17031
2468 1719
2469 1562
2470 5937
2471 1979
2472 6250
2473 1615
2474 1562
2475 12604
2476 1666
2477 8385
2478 1614
2479 1563
2480 5572
2481 1666
2482 6146
2483 1666
2484 1615
2485 6250
2486 1615
2487 6874
2488 1614
2489 1511
2490 6042
2491 1667
2492 5260
2493 1927
2494 1614
2495 12292
2496 1666
2497 8073
2498 1614
2499 1562
2500 5886
2501 1667
2502 2084
2503 5833
2504 1615
2505 6406
2506 1667
2507 1563
2508 5989
2509 3593
2510 20156
2511 1823
2512 1563
2513 12813
2514 1667
2515 9323
2516 1667
2517 1562
2518 6302
2519 1615
2520 5781
2521 1615
2522 1562
2523 6094
2524 1562
2525 5521
2526 1719
2527 1562
2528 5625
2529 1615
2530 6250
2531 1667
2532 1614
2533 11354
2534 1667
2535 6146
2536 1666
2537 1615
2538 72864
2539 2292
2540 1562
2541 14062
2542 3385
2543 8229
2544 1615
2545 1563
2546 14062
2547 1666
2548 8438
2549 1614
2550 1615
2551 6823
2552 1615
2553 6562
2554 1614
2555 1511
2556 5677
2557 1666
2558 6771
2559 1615
2560 1614
2561 5520
2562 1667
2563 5990
2564 1615
2565 1614
2566 5521
2567 1667
2568 6250
2569 1666
2570 1563
2571 5313
2572 1615
2573 5781
2574 1615
2575 1562
2576 5417
2577 1666
2578 1823
2579 6666
2580 1614
2581 5677
2582 1719
2583 1615
2584 12812
2585 1615
2586 6197
2587 1719
2588 1614
2589 8229
2590 1615
2591 8645
2592 1666
2593 1667
2594 5729
2595 1615
2596 5261
2597 1667
2598 1614
2599 7343
2600 6615
2601 6041
2602 1614
2603 1562
2604 5781
2605 1614
2606 5625
2607 1718
2608 1615
2609 5520
2610 1666
2611 1563
2612 5469
2613 1615
2614 8281
2615 1615
2616 1666
2617 14218
2618 1771
2619 5677
2620 1771
2621 1563
2622 23437
2623 1771
2624 6458
2625 1614
2626 1562
2627 9063
2628 1719
2629 5781
2630 1667
2631 1614
2632 5781
2633 1614
2634 6042
2635 1614
2636 1563
2637 5208
2638 1615
2639 6562
2640 1615
2641 1562
2642 5417
2643 1667
2644 6666
2645 1614
2646 1510
2647 6302
2648 1666
2649 1563
2650 5625
2651 1666
2652 5313
2653 1666
2654 1615
2655 5677
2656 1614
2657 5261
2658 1667
2659 1614
2660 11666
2661 1614
2662 5573
2663 2343
2664 1614
2665 6094
2666 1615
2667 7187
2668 1667
2669 1562
2670 6094
2671 1615
2672 6093
2673 1562
2674 1615
2675 5313
2676 1615
2677 5208
2678 1667
2679 1615
2680 5260
2681 1667
2682 5208
2683 1615
2684 1562
2685 5833
2686 1562
2687 1562
2688 5938
2689 2708
2690 5469
2691 1615
2692 1562
2693 5521
2694 1667
2695 5312
2696 1666
2697 1615
2698 11146
2699 1719
2700 10833
2701 1719
2702 1614
2703 5677
2704 1666
2705 5521
2706 1615
2707 1563
2708 5364
2709 1667
2710 5573
2711 1615
2712 1614
2713 5364
2714 1615
2715 5417
2716 1562
2717 1563
2718 5365
2719 1615
2720 1614
2721 5417
2722 1667
2723 5416
2724 1667
2725 1562
2726 5521
2727 1667
2728 5989
2729 1667
2730 1562
2731 5364
2732 1615
2733 5364
2734 1615
2735 1562
2736 11354
2737 1562
2738 5313
2739 1666
2740 1562
2741 5416
2742 1614
2743 5469
2744 1667
2745 1615
2746 5625
2747 1615
2748 5313
2749 1563
2750 1615
2751 22708
2752 1666
2753 10312
2754 1719
2755 1562
2756 5989
2757 1614
2758 1562
2759 6563
2760 1666
2761 5313
2762 1667
2763 1562
2764 6718
2765 1667
2766 6771
2767 1667
2768 1510
2769 5938
2770 1822
2771 5833
2772 1614
2773 1510
2774 11511
2775 1667
2776 5468
2777 1614
2778 1563
2779 5364
2780 1667
2781 16614
2782 1615
2783 1563
2784 11301
2785 1771
2786 7083
2787 1562
2788 1563
2789 5313
2790 1667
2791 6926
2792 1667
2793 1562
2794 5260
2795 1719
2796 1562
2797 5573
2798 1667
2799 5417
2800 1562
2801 1562
2802 5313
2803 1666
2804 5365
2805 1615
2806 1615
2807 6093
2808 1666
2809 5677
2810 1719
2811 1563
2812 12239
2813 1614
2814 5729
2815 1667
2816 1614
2817 5417
2818 1614
2819 5261
2820 1614
2821 1563
2822 5468
2823 1614
2824 6563
2825 1667
2826 1614
2827 5833
2828 1666
2829 5677
2830 1615
2831 1666
2832 5625
2833 1615
2834 1614
2835 6615
2836 1771
2837 5781
2838 1563
2839 1562
2840 5208
2841 1718
2842 5677
2843 1666
2844 1563
2845 6406
2846 1666
2847 5937
2848 1614
2849 1563
2850 11458
2851 1667
2852 5729
2853 1667
2854 1562
2855 5990
2856 1666
2857 5834
2858 1563
2859 1563
2860 5365
2861 1667
2862 5572
2863 1666
2864 1563
2865 7032
2866 1719
2867 1615
2868 8698
2869 1615
2870 5885
2871 1667
2872 1614
2873 6198
2874 1615
2875 6198
2876 1614
2877 1615
2878 9062
2879 1667
2880 5781
2881 1563
2882 1614
2883 5990
2884 1615
2885 6354
2886 1666
2887 1615
2888 12135
2889 1666
2890 6615
2891 1614
2892 1563
2893 5937
2894 1615
2895 5520
2896 1615
2897 1562
2898 5573
2899 1615
2900 5416
2901 1563
2902 1666
2903 5469
2904 1615
2905 1510
2906 26302
2907 1667
2908 10260
2909 1614
2910 1563
2911 5834
2912 1667
2913 5313
2914 1667
2915 1562
2916 6823
2917 1615
2918 6354
2919 1614
2920 1563
2921 5260
2922 1667
2923 23020
2924 1666
2925 1510
2926 12031
2927 1615
2928 5781
2929 1563
2930 1562
2931 5677
2932 1667
2933 6146
2934 1770
2935 1563
2936 6042
2937 1615
2938 6614
2939 1666
2940 1615
2941 14478
2942 1719
2943 1562
2944 6250
2945 1771
2946 6146
2947 1719
2948 1614
2949 6354
2950 1614
2951 11354
2952 1719
2953 1562
2954 6354
2955 1615
2956 7604
2957 1719
2958 1666
2959 6458
2960 1666
2961 5365
2962 1667
2963 1614
2964 12552
2965 1666
2966 6250
2967 1615
2968 1614
2969 6302
2970 1614
2971 5990
2972 1667
2973 1615
2974 5781
2975 1563
2976 2604
2977 6146
2978 1615
2979 6041
2980 1614
2981 1511
2982 5417
2983 1719
2984 5885
2985 1614
2986 1511
2987 6197
2988 1667
2989 6458
2990 1614
2991 1563
2992 5989
2993 1615
2994 6146
2995 1615
2996 1563
2997 7708
2998 1719
2999 6250
3000 1615
3001 1562
3002 11510
3003 1666
3004 5938
3005 1615
3006 1562
3007 5729
3008 1667
3009 5521
3010 1615
3011 1510
3012 6146
3013 1614
3014 1562
3015 6458
3016 1615
3017 6874
3018 1614
3019 1563
3020 6614
3021 1614
3022 5677
3023 1719
3024 1562
3025 6354
3026 1614
3027 6614
3028 1667
3029 1614
3030 5573
3031 1615
3032 5989
3033 1614
3034 1563
3035 9896
3036 1718
3037 7240
3038 1667
3039 1614
3040 12448
3041 1614
3042 5365
3043 1667
3044 1563
3045 6250
3046 1615
3047 5364
3048 1615
3049 1562
3050 5521
3051 1614
3052 1563
3053 6718
3054 1614
3055 5469
3056 1615
3057 1979
3058 6458
3059 1719
3060 6875
3061 1563
3062 1666
3063 6094
3064 1614
3065 6406
3066 1615
3067 1615
3068 6614
3069 1667
3070 6562
3071 1667
3072 1562
3073 8229
3074 1667
3075 6875
3076 1615
3077 1562
3078 12500
3079 1771
3080 6510
3081 1614
3082 1563
3083 5729
3084 1614
3085 5781
3086 1614
3087 1562
3088 6042
3089 1666
3090 1563
3091 6458
3092 1615
3093 5834
3094 1615
3095 1614
3096 6093
3097 1511
3098 6354
3099 1614
3100 1615
3101 14583
3102 1719
3103 6406
3104 1667
3105 1615
3106 6094
3107 1563
3108 6822
3109 1719
3110 1562
3111 6146
3112 1667
3113 5937
3114 1666
3115 1563
3116 14791
3117 1666
3118 10885
3119 1666
3120 1667
3121 8333
3122 1615
3123 1510
3124 5312
3125 1718
3126 7396
3127 1614
3128 1563
3129 5729
3130 1614
3131 6823
3132 1667
3133 1562
3134 6302
3135 1667
3136 5416
3137 1614
3138 1563
3139 5677
3140 1718
3141 6511
3142 1667
3143 1562
3144 5729
3145 1667
3146 5677
3147 2656
3148 1563
3149 6197
3150 2448
3151 5989
3152 1615
3153 1510
3154 12292
3155 1615
3156 6562
3157 1666
3158 1563
3159 8281
3160 1875
3161 1563
3162 5677
3163 1614
3164 5417
3165 1667
3166 1563
3167 6198
3168 1614
3169 5469
3170 1614
3171 1562
3172 6302
3173 1563
3174 6094
3175 1667
3176 1562
3177 5833
3178 1614
3179 6042
3180 1666
3181 1615
3182 5572
3183 1666
3184 5677
3185 1666
3186 1615
3187 5886
3188 1719
3189 5729
3190 1667
3191 1667
3192 12344
3193 1615
3194 6249
3195 1562
3196 1562
3197 8229
3198 1615
3199 1562
3200 5625
3201 1615
3202 10885
3203 1718
3204 1615
3205 6875
3206 20104
3207 8385
3208 1667
3209 1562
3210 5781
3211 1666
3212 5781
3213 1614
3214 1562
3215 5781
3216 1614
3217 6823
3218 1615
3219 1562
3220 5937
3221 1718
3222 6406
3223 1666
3224 1562
3225 6302
3226 1614
3227 6042
3228 1562
3229 1562
3230 12969
3231 1614
3232 1615
3233 5834
3234 1614
3235 7240
3236 1719
3237 1614
3238 5886
3239 1667
3240 7031
3241 1667
3242 1614
3243 6146
3244 1615
3245 5625
3246 1719
3247 1563
3248 6093
3249 1614
3250 5260
3251 1666
3252 1667
3253 6197
3254 1614
3255 6146
3256 1615
3257 1562
3258 5677
3259 1667
3260 16250
3261 1667
3262 1562
3263 6354
3264 1615
3265 6718
3266 1614
3267 1615
3268 12604
3269 1614
3270 1563
3271 6042
3272 1615
3273 5677
3274 1614
3275 1563
3276 5833
3277 1615
3278 8177
3279 1562
3280 1563
3281 5313
3282 1615
3283 6354
3284 1666
3285 1563
3286 9792
3287 1719
3288 7500
3289 1614
3290 1615
3291 5938
3292 1667
3293 5729
3294 1615
3295 1562
3296 5989
3297 1667
3298 8021
3299 1615
3300 1562
3301 5625
3302 1719
3303 6354
3304 1614
3305 1563
3306 11458
3307 1719
3308 1562
3309 9062
3310 1562
3311 14271
3312 1614
3313 1562
3314 6718
3315 1614
3316 7136
3317 1615
3318 1563
3319 6145
3320 1614
3321 7188
3322 1667
3323 1614
3324 8802
3325 1615
3326 7656
3327 1615
3328 1562
3329 6302
3330 1615
3331 5885
3332 1615
3333 1562
3334 6146
3335 1615
3336 6615
3337 1615
3338 3229
3339 6198
3340 1615
3341 6302
3342 1666
3343 1615
3344 11875
3345 1666
3346 1562
3347 6823
3348 1667
3349 8177
3350 1562
3351 1562
3352 5937
3353 1666
3354 6459
3355 2135
3356 1562
3357 10260
3358 3698
3359 9479
3360 1615
3361 1614
3362 7344
3363 1667
3364 6510
3365 1562
3366 1562
3367 6250
3368 1719
3369 12239
3370 1615
3371 1562
3372 7552
3373 1614
3374 8594
3375 1615
3376 1562
3377 14896
3378 1614
3379 1563
3380 7031
3381 1615
3382 5365
3383 1667
3384 1562
3385 6562
3386 1614
3387 5781
3388 1614
3389 1510
3390 6197
3391 1614
3392 6875
3393 1667
3394 1562
3395 5625
3396 1667
3397 7968
3398 1614
3399 1563
3400 6458
3401 1562
3402 5886
3403 1615
3404 1615
3405 6354
3406 1615
3407 5782
3408 1614
3409 1563
3410 6562
3411 1615
3412 5937
3413 1667
3414 1614
3415 23541
3416 1615
3417 1562
3418 8020
3419 1666
3420 7969
3421 1615
3422 1562
3423 5521
3424 1667
3425 5990
3426 1667
3427 1614
3428 5416
3429 1666
3430 7813
3431 1615
3432 1511
3433 6875
3434 1615
3435 6302
3436 1615
3437 2604
3438 6458
3439 1615
3440 5417
3441 1615
3442 1562
3443 5833
3444 2239
3445 6146
3446 1667
3447 1614
3448 5937
3449 1667
3450 5833
3451 1667
3452 1562
3453 15833
3454 1719
3455 1614
3456 8229
3457 1614
3458 5573
3459 1719
3460 1615
3461 5520
3462 1927
3463 5990
3464 1719
3465 1510
3466 6458
3467 1666
3468 5469
3469 1615
3470 1562
3471 5468
3472 1614
3473 5990
3474 1719
3475 1562
3476 6146
3477 20260
3478 7916
3479 1771
3480 1667
3481 6094
3482 1614
3483 5208
3484 1823
3485 1614
3486 5364
3487 1614
3488 1563
3489 5365
3490 1615
3491 12240
3492 1614
3493 1615
3494 5937
3495 1771
3496 6510
3497 1666
3498 1563
3499 7604
3500 1666
3501 8229
3502 1614
3503 1563
3504 5416
3505 1615
3506 7500
3507 1614
3508 1511
3509 5521
3510 1667
3511 5416
3512 1614
3513 1563
3514 5729
3515 1666
3516 6042
3517 1614
3518 1562
3519 5469
3520 1667
3521 5313
3522 1615
3523 1563
3524 5364
3525 1562
3526 1562
3527 7396
3528 1667
3529 11666
3530 1562
3531 1615
3532 8282
3533 1614
3534 7240
3535 1719
3536 1614
3537 9896
3538 1667
3539 5365
3540 1666
3541 1615
3542 5885
3543 1667
3544 5468
3545 1614
3546 1562
3547 5834
3548 1614
3549 5364
3550 1563
3551 1563
3552 6041
3553 1614
3554 5937
3555 1666
3556 1615
3557 5416
3558 1667
3559 6354
3560 1719
3561 1562
3562 6354
3563 1615
3564 1562
3565 5469
3566 1615
3567 11354
3568 1563
3569 1562
3570 5468
3571 1719
3572 5990
3573 1667
3574 1563
3575 15729
3576 1615
3577 5573
3578 1615
3579 1562
3580 5364
3581 1614
3582 5937
3583 1614
3584 1563
3585 5417
3586 1667
3587 5364
3588 1615
3589 1562
3590 5260
3591 1667
3592 5729
3593 1562
3594 1615
3595 5885
3596 1667
3597 5364
3598 1667
3599 1562
3600 5886
3601 1615
3602 1563
3603 5937
3604 1615
3605 11822
3606 1667
3607 1615
3608 8073
3609 1563
3610 6614
3611 1666
3612 1563
3613 6718
3614 1667
3615 7760
3616 1667
3617 1562
3618 5937
3619 1615
3620 10677
3621 1667
3622 1562
3623 5885
3624 1614
3625 5365
3626 1615
3627 1563
3628 5885
3629 1563
3630 22604
3631 2552
3632 1614
3633 11719
3634 1666
3635 1563
3636 6406
3637 1667
3638 5833
3639 1615
3640 1563
3641 6145
3642 1667
3643 11927
3644 1667
3645 1562
3646 8593
3647 1719
3648 20833
3649 1667
3650 1615
3651 6562
3652 1718
3653 8386
3654 1667
3655 1614
3656 5469
3657 1615
3658 6302
3659 1667
3660 1563
3661 5885
3662 1615
3663 7239
3664 1614
3665 1563
3666 5313
3667 1667
3668 5937
3669 1615
3670 1562
3671 5990
3672 1667
3673 1562
3674 6041
3675 1615
3676 6562
3677 1666
3678 1563
3679 6459
3680 1614
3681 11666
3682 1666
3683 1614
3684 9115
3685 1667
3686 7032
3687 1615
3688 1563
3689 5990
3690 1667
3691 5782
3692 1667
3693 1563
3694 6980
3695 1563
3696 6146
3697 1667
3698 1614
3699 5260
3700 1614
3701 6302
3702 1615
3703 1562
3704 12448
3705 1666
3706 5365
3707 1666
3708 1563
3709 5364
3710 1615
3711 1562
3712 5625
3713 1615
3714 6458
3715 1667
3716 1562
3717 6406
3718 1667
3719 13125
3720 1615
3721 1562
3722 6666
3723 1718
3724 6250
3725 1614
3726 1562
3727 5417
3728 1667
3729 6406
3730 1615
3731 1562
3732 5573
3733 1667
3734 17812
3735 1719
3736 1614
3737 5625
3738 1667
3739 6302
3740 1563
3741 1563
3742 6874
3743 1666
3744 1615
3745 6406
3746 1614
3747 5313
3748 1719
3749 1614
3750 5989
3751 1666
3752 5729
3753 1562
3754 1562
3755 6198
3756 1615
3757 12291
3758 1614
3759 1563
3760 7968
3761 1614
3762 8125
3763 1719
3764 1563
3765 6042
3766 1614
3767 5261
3768 1615
3769 1563
3770 6406
3771 1666
3772 6563
3773 1667
3774 1614
3775 5416
3776 1614
3777 6146
3778 1667
3779 1563
3780 6719
3781 1667
3782 2135
3783 6406
3784 1719
3785 8594
3786 1614
3787 1562
3788 8854
3789 1614
3790 6354
3791 1615
3792 1615
3793 5989
3794 2656
3795 12864
3796 3542
3797 1719
3798 22083
3799 1667
3800 6562
3801 1614
3802 1563
3803 6615
3804 1719
3805 6354
3806 1667
3807 1562
3808 5573
3809 1615
3810 5885
3811 1718
3812 1563
3813 5261
3814 3958
3815 5364
3816 1615
3817 1562
3818 5833
3819 1614
3820 1510
3821 6354
3822 1615
3823 5781
3824 1667
3825 1614
3826 6667
3827 1667
3828 5886
3829 1667
3830 1562
3831 6354
3832 1615
3833 12239
3834 1667
3835 1562
3836 6042
3837 1615
3838 7656
3839 1614
3840 1667
3841 6042
3842 1667
3843 6093
3844 1614
3845 1563
3846 6198
3847 1615
3848 5208
3849 1719
3850 1615
3851 5469
3852 1615
3853 6718
3854 2864
3855 1615
3856 5989
3857 1563
3858 1562
3859 6094
3860 1614
3861 6041
3862 1615
3863 1614
3864 5937
3865 1666
3866 6250
3867 1563
3868 1562
3869 5833
3870 1927
3871 16302
3872 1719
3873 1510
3874 7396
3875 1615
3876 6041
3877 1614
3878 1563
3879 6198
3880 1614
3881 5990
3882 1667
3883 1562
3884 6666
3885 1614
3886 5781
3887 1614
3888 1563
3889 5573
3890 2447
3891 1562
3892 5625
3893 1562
3894 17135
3895 1614
3896 1615
3897 6354
3898 1615
3899 5572
3900 1667
3901 1563
3902 6875
3903 1614
3904 6198
3905 1667
3906 1615
3907 6198
3908 1719
3909 11354
3910 1614
3911 1563
3912 9791
3913 1666
3914 6354
3915 1666
3916 1563
3917 6354
3918 1666
3919 6823
3920 1667
3921 1562
3922 6666
3923 1614
3924 5625
3925 1615
3926 1614
3927 5886
3928 1615
3929 1615
3930 5312
3931 1615
3932 22499
3933 3125
3934 1511
3935 12447
3936 1667
3937 6979
3938 1667
3939 1562
3940 5885
3941 1667
3942 6771
3943 1667
3944 1562
3945 5885
3946 1666
3947 12968
3948 1667
3949 1614
3950 6041
3951 1666
3952 6250
3953 1562
3954 1563
3955 9635
3956 2084
3957 5885
3958 1615
3959 1563
3960 5729
3961 1667
3962 5417
3963 1615
3964 1614
3965 7396
3966 1719
3967 1614
3968 6042
3969 1667
3970 5364
3971 1614
3972 1562
3973 5521
3974 1615
3975 5677
3976 2084
3977 1614
3978 87134
3979 2187
3980 8594
3981 2448
3982 1563
3983 9166
3984 1719
3985 15208
3986 3073
3987 1562
3988 6302
3989 1615
3990 6771
3991 1667
3992 1614
3993 8802
3994 1614
3995 7604
3996 1667
3997 1614
3998 7135
3999 1614
4000 1562
4001 6615
4002 1719
4003 6562
4004 1615
4005 1563
4006 5885
4007 1667
4008 6250
4009 1614
4010 1511
4011 5989
4012 2031
4013 6198
4014 1615
4015 1562
4016 5833
4017 1667
4018 6719
4019 1614
4020 1511
4021 6041
4022 1614
4023 12135
4024 1615
4025 1510
4026 7291
4027 1614
4028 8646
4029 1667
4030 1562
4031 5365
4032 1614
4033 6250
4034 1615
4035 1510
4036 5521
4037 1615
4038 1563
4039 10937
4040 1719
4041 6406
4042 1615
4043 1562
4044 5989
4045 1614
4046 7084
4047 1667
4048 2865
4049 7708
4050 1614
4051 7187
4052 1614
4053 1563
4054 17812
4055 1718
4056 7969
4057 1615
4058 1614
4059 6458
4060 1614
4061 12708
4062 2135
4063 1562
4064 29375
4065 1771
4066 9896
4067 2292
4068 1562
4069 6823
4070 1615
4071 5364
4072 1615
4073 1614
4074 6354
4075 1667
4076 1510
4077 6198
4078 1719
4079 5469
4080 1615
4081 1770
4082 8541
4083 1667
4084 8177
4085 1615
4086 1563
4087 5937
4088 1563
4089 7604
4090 1615
4091 1562
4092 5364
4093 1667
4094 5886
4095 1615
4096 2657
4097 5625
4098 1667
4099 11615
4100 1614
4101 1563
4102 6302
4103 1666
4104 6198
4105 1614
4106 1563
4107 5886
4108 1667
4109 6406
4110 1615
4111 1562
4112 5416
4113 1614
4114 1667
4115 7812
4116 1667
4117 7291
4118 1666
4119 1563
4120 5989
4121 1614
4122 12136
4123 1771
4124 1563
4125 6458
4126 1667
4127 6614
4128 1719
4129 1614
4130 5781
4131 1615
4132 5208
4133 1667
4134 1614
4135 6615
4136 1771
4137 11458
4138 1667
4139 1562
4140 6458
4141 1614
4142 5833
4143 1614
4144 1563
4145 5572
4146 1667
4147 1822
4148 5625
4149 1615
4150 5885
4151 1563
4152 1562
4153 5573
4154 1667
4155 7187
4156 1667
4157 1562
4158 5469
4159 1666
4160 5781
4161 1614
4162 1927
4163 5781
4164 1615
4165 5677
4166 1615
4167 1562
4168 6041
4169 1666
4170 5469
4171 1614
4172 1563
4173 10938
4174 1770
4175 9531
4176 1719
4177 1562
4178 5938
4179 1667
4180 6093
4181 1666
4182 1563
4183 5677
4184 1667
4185 1562
4186 6302
4187 1615
4188 5417
4189 2084
4190 1615
4191 12188
4192 1614
4193 6458
4194 1718
4195 1563
4196 5938
4197 1615
4198 6406
4199 1667
4200 1614
4201 6302
4202 1614
4203 7708
4204 1718
4205 4895
4206 28594
4207 1719
4208 22604
4209 1667
4210 1614
4211 5938
4212 1667
4213 5468
4214 1667
4215 1562
4216 5833
4217 1614
4218 7187
4219 1666
4220 1511
4221 5937
4222 1719
4223 1562
4224 5781
4225 1666
4226 5990
4227 1614
4228 1563
4229 5469
4230 1718
4231 5834
4232 1771
4233 1562
4234 5313
4235 1615
4236 5573
4237 1666
4238 1563
4239 5938
4240 2344
4241 6093
4242 1719
4243 1614
4244 6094
4245 1615
4246 12552
4247 1615
4248 1563
4249 6354
4250 1667
4251 7499
4252 1614
4253 1563
4254 5365
4255 1667
4256 1667
4257 5573
4258 1615
4259 7135
4260 1667
4261 1562
4262 5365
4263 1667
4264 5885
4265 1667
4266 1614
4267 6042
4268 1667
4269 5261
4270 1563
4271 1563
4272 5729
4273 1563
4274 6927
4275 1614
4276 1563
4277 6197
4278 1614
4279 5833
4280 1562
4281 2031
4282 6198
4283 1615
4284 12603
4285 1615
4286 1615
4287 6406
4288 1615
4289 11093
4290 1615
4291 1615
4292 5572
4293 1614
4294 1510
4295 5365
4296 1667
4297 5833
4298 1615
4299 1614
4300 7239
4301 1562
4302 5625
4303 1615
4304 1562
4305 5416
4306 1666
4307 5677
4308 1614
4309 1563
4310 5677
4311 1667
4312 5938
4313 1615
4314 1562
4315 5364
4316 1666
4317 6198
4318 1615
4319 1614
4320 6146
4321 1614
4322 11615
4323 1615
4324 1666
4325 6250
4326 1667
4327 5885
4328 1615
4329 1562
4330 5417
4331 1667
4332 1562
4333 8698
4334 1615
4335 7812
4336 1667
4337 1562
4338 6094
4339 1615
4340 23124
4341 1667
4342 5573
4343 5781
4344 1667
4345 5313
4346 1719
4347 1562
4348 5729
4349 1667
4350 5260
4351 1667
4352 1563
4353 5417
4354 1615
4355 5312
4356 1615
4357 1614
4358 7552
4359 17343
4360 12239
4361 1667
4362 1614
4363 5364
4364 1614
4365 7500
4366 1771
4367 1615
4368 16667
4369 1614
4370 1563
4371 5417
4372 1667
4373 12135
4374 1719
4375 1510
4376 5417
4377 1615
4378 5677
4379 1615
4380 1615
4381 6250
4382 1823
4383 6250
4384 1667
4385 1562
4386 5416
4387 1666
4388 6042
4389 1615
4390 1510
4391 5260
4392 2083
4393 6822
4394 1667
4395 1615
4396 5417
4397 1875
4398 12031
4399 1615
4400 1614
4401 7448
4402 1666
4403 1562
4404 5417
4405 1615
4406 6562
4407 1667
4408 1614
4409 5469
4410 1562
4411 6250
4412 1615
4413 1562
4414 6250
4415 1615
4416 5416
4417 1666
4418 1615
4419 5417
4420 1615
4421 5937
4422 1562
4423 1563
4424 5886
4425 1614
4426 5313
4427 1667
4428 1614
4429 5833
4430 1614
4431 5885
4432 1614
4433 1562
4434 6979
4435 1615
4436 11718
4437 1771
4438 1666
4439 6250
4440 1615
4441 1562
4442 7708
4443 1666
4444 5573
4445 1615
4446 1510
4447 8229
4448 1719
4449 7448
4450 1667
4451 1562
4452 5416
4453 1666
4454 5573
4455 1615
4456 1562
4457 8906
4458 2708
4459 5469
4460 1615
4461 1562
4462 5520
4463 2552
4464 5989
4465 1615
4466 1562
4467 5365
4468 2291
4469 7031
4470 1615
4471 1562
4472 5364
4473 3073
4474 12135
4475 1666
4476 1615
4477 5417
4478 1719
4479 1563
4480 6458
4481 1667
4482 6614
4483 1615
4484 1615
4485 5573
4486 1614
4487 6511
4488 1666
4489 2188
4490 5781
4491 1667
4492 5729
4493 1927
4494 1563
4495 12656
4496 1667
4497 7604
4498 1719
4499 1614
4500 6146
4501 1615
4502 8177
4503 1614
4504 1563
4505 5625
4506 1614
4507 5885
4508 1615
4509 3698
4510 5937
4511 1823
4512 1562
4513 12135
4514 1614
4515 7604
4516 1614
4517 1563
4518 5730
4519 1614
4520 8073
4521 1615
4522 1562
4523 5990
4524 1614
4525 7240
4526 1719
4527 1614
4528 18020
4529 1718
4530 6875
4531 1667
4532 1562
4533 5521
4534 1666
4535 6563
4536 1615
4537 1615
4538 5468
4539 1615
4540 10469
4541 1667
4542 1719
4543 6927
4544 1667
4545 6406
4546 1667
4547 1615
4548 5260
4549 1614
4550 1510
4551 12604
4552 1666
4553 5833
4554 1719
4555 1562
4556 5989
4557 1771
4558 6354
4559 1666
4560 1563
4561 6197
4562 1614
4563 7396
4564 1666
4565 1563
4566 6042
4567 1614
4568 6511
4569 1615
4570 1562
4571 5469
4572 1614
4573 5625
4574 1614
4575 1563
4576 6042
4577 1615
4578 5729
4579 1614
4580 3177
4581 5729
4582 1615
4583 5729
4584 1719
4585 1615
4586 6041
4587 1927
4588 1562
4589 11197
4590 1771
4591 8281
4592 1667
4593 1562
4594 5417
4595 1615
4596 7760
4597 1615
4598 1563
4599 5885
4600 1719
4601 6719
4602 1667
4603 1563
4604 5990
4605 1771
4606 6198
4607 1615
4608 1510
4609 13333
4610 1719
4611 6614
4612 1563
4613 1562
4614 7344
4615 1615
4616 8073
4617 1666
4618 1562
4619 5625
4620 1666
4621 6614
4622 2708
4623 1615
4624 9947
4625 1614
4626 1615
4627 13854
4628 1614
4629 5521
4630 1719
4631 1563
4632 5365
4633 1615
4634 6250
4635 1614
4636 1562
4637 6042
4638 1667
4639 5573
4640 1667
4641 1615
4642 5938
4643 1719
4644 6406
4645 1666
4646 1562
4647 6302
4648 1614
4649 5781
4650 1615
4651 1615
4652 6146
4653 1615
4654 5468
4655 1667
4656 1614
4657 5521
4658 1667
4659 3593
4660 24218
4661 1823
4662 6302
4663 1666
4664 1563
4665 12292
4666 1770
4667 6406
4668 1666
4669 1615
4670 6354
4671 1614
4672 5781
4673 1614
4674 1563
4675 7917
4676 1563
4677 6926
4678 1614
4679 1563
4680 7709
4681 1667
4682 7709
4683 1667
4684 1563
4685 6197
4686 1614
4687 17187
4688 1667
4689 1563
4690 7865
4691 1719
4692 8021
4693 1667
4694 1510
4695 5469
4696 1719
4697 1614
4698 5469
4699 1562
4700 5625
4701 1614
4702 1667
4703 13281
4704 1667
4705 6197
4706 1666
4707 1563
4708 11563
4709 1718
4710 6042
4711 1667
4712 1614
4713 6250
4714 1563
4715 5833
4716 1667
4717 1614
4718 6198
4719 1615
4720 5625
4721 1615
4722 1562
4723 6146
4724 1615
4725 5729
4726 1666
4727 1563
4728 5677
4729 1667
4730 5885
4731 1667
4732 1562
4733 5573
4734 1615
4735 1562
4736 5365
4737 1666
4738 6146
4739 1614
4740 1511
4741 11458
4742 1666
4743 9010
4744 1562
4745 1562
4746 6146
4747 1666
4748 6719
4749 1615
4750 1562
4751 6041
4752 1666
4753 6094
4754 1614
4755 1562
4756 5312
4757 1614
4758 5521
4759 1563
4760 1562
4761 5312
4762 1718
4763 6771
4764 1562
4765 1562
4766 5677
4767 1667
4768 1562
4769 5521
4770 1562
4771 6563
4772 1719
4773 2708
4774 6354
4775 1615
4776 5521
4777 1667
4778 1615
4779 12448
4780 1667
4781 5677
4782 1667
4783 1562
4784 8437
4785 1614
4786 7865
4787 1667
4788 1563
4789 6145
4790 1562
4791 28437
4792 1771
4793 5364
4794 7084
4795 1666
4796 5417
4797 1615
4798 1562
4799 5885
4800 1667
4801 6094
4802 1667
4803 1666
4804 5469
4805 1667
4806 1511
4807 5989
4808 1615
4809 6094
4810 1771
4811 1615
4812 6822
4813 1614
4814 5938
4815 1667
4816 1562
4817 13593
4818 1615
4819 6302
4820 1667
4821 1562
4822 5885
4823 1614
4824 7500
4825 1615
4826 1614
4827 6198
4828 1667
4829 6979
4830 1667
4831 1614
4832 6042
4833 1562
4834 6094
4835 1563
4836 1562
4837 5729
4838 1667
4839 5677
4840 1563
4841 1562
4842 5573
4843 1667
4844 1562
4845 7552
4846 1667
4847 17551
4848 1770
4849 1563
4850 6875
4851 1562
4852 6719
4853 1719
4854 1615
4855 14426
4856 1615
4857 5469
4858 1615
4859 1614
4860 6094
4861 1615
4862 6979
4863 1667
4864 1562
4865 6145
4866 1614
4867 6197
4868 1666
4869 1563
4870 6511
4871 1614
4872 5677
4873 1614
4874 1615
4875 12761
4876 1719
4877 8281
4878 1666
4879 1614
4880 6197
4881 3021
4882 1666
4883 5312
4884 1718
4885 6094
4886 1511
4887 1614
4888 6823
4889 1718
4890 6302
4891 1615
4892 1614
4893 12396
4894 1666
4895 5521
4896 1563
4897 1563
4898 7395
4899 1718
4900 9584
4901 1615
4902 1563
4903 6145
4904 1614
4905 5990
4906 1562
4907 1563
4908 6041
4909 1563
4910 5468
4911 1615
4912 1563
4913 5521
4914 1615
4915 1614
4916 6302
4917 1615
4918 5260
4919 1667
4920 1614
4921 7604
4922 1927
4923 6093
4924 1666
4925 1511
4926 6302
4927 1614
4928 6094
4929 1563
4930 1510
4931 12135
4932 1615
4933 9115
4934 1667
4935 1615
4936 6458
4937 1562
4938 5834
4939 1615
4940 1667
4941 6354
4942 6719
4943 7083
4944 1614
4945 1615
4946 5520
4947 1615
4948 6822
4949 1614
4950 1615
4951 6145
4952 1666
4953 1615
4954 5729
4955 1666
4956 56770
4957 2031
4958 1614
4959 17187
4960 1666
4961 7865
4962 1615
4963 1562
4964 7969
4965 1563
4966 7916
4967 1614
4968 1562
4969 12865
4970 1719
4971 6875
4972 1666
4973 1563
4974 6250
4975 1614
4976 6875
4977 1614
4978 1511
4979 7084
4980 1667
4981 8750
4982 1614
4983 1563
4984 7136
4985 1667
4986 6093
4987 1614
4988 2708
4989 9323
4990 1667
4991 1615
4992 7136
4993 1771
4994 5468
4995 1614
4996 1563
4997 6822
4998 1614
4999 5989
5000 1666
5001 1563
5002 25468
5003 1666
5004 8750
5005 1614
5006 1562
5007 6718
5008 1666
5009 8073
5010 1823
5011 1614
5012 6562
5013 1562
5014 5677
5015 1667
5016 1562
5017 5625
5018 1615
5019 5469
5020 1615
5021 1614
5022 6406
5023 1563
5024 1562
5025 6614
5026 1614
5027 5417
5028 1615
5029 1511
5030 5885
5031 1615
5032 6458
5033 1563
5034 1614
5035 5573
5036 3542
5037 5989
5038 1666
5039 1511
5040 11979
5041 1667
5042 13228
5043 1718
5044 1563
5045 6145
5046 1666
5047 6094
5048 1615
5049 1562
5050 5781
5051 1667
5052 5260
5053 1614
5054 1563
5055 26718
5056 1719
5057 5520
5058 1667
5059 1562
5060 5364
5061 1666
5062 1615
5063 5990
5064 1615
5065 5468
5066 1666
5067 1563
5068 5365
5069 1563
5070 6042
5071 1667
5072 1667
5073 25208
5074 1719
5075 8073
5076 1615
5077 1614
5078 12291
5079 1615
5080 5468
5081 1614
5082 1562
5083 6563
5084 1615
5085 5729
5086 1562
5087 1562
5088 7344
5089 1615
5090 6250
5091 1667
5092 1615
5093 5677
5094 1615
5095 5834
5096 1615
5097 1614
5098 5469
5099 1563
5100 1615
5101 5729
5102 1615
5103 5521
5104 1615
5105 1563
5106 6407
5107 1562
5108 7448
5109 1667
5110 1562
5111 6198
5112 1667
5113 5625
5114 1667
5115 1563
5116 11562
5117 1666
5118 6667
5119 1614
5120 1563
5121 5365
5122 1667
5123 7031
5124 1667
5125 1614
5126 9583
5127 1771
5128 6615
5129 1615
5130 1615
5131 5313
5132 2031
5133 5886
5134 1614
5135 1511
5136 5625
5137 1667
5138 1562
5139 5365
5140 1666
5141 5313
5142 1667
5143 1563
5144 5833
5145 1667
5146 5677
5147 1667
5148 1666
5149 6510
5150 1666
5151 6979
5152 1614
5153 1615
5154 12136
5155 1667
5156 5416
5157 1666
5158 1563
5159 7447
5160 1614
5161 16354
5162 1666
5163 1615
5164 7396
5165 1667
5166 5729
5167 1719
5168 1666
5169 6562
5170 1614
5171 1615
5172 6094
5173 1614
5174 6510
5175 1614
5176 1562
5177 5573
5178 1615
5179 7187
5180 1562
5181 1562
5182 5260
5183 1562
5184 6563
5185 1614
5186 1563
5187 5886
5188 1614
5189 5573
5190 1615
5191 1562
5192 11458
5193 1614
5194 5625
5195 1562
5196 1562
5197 5364
5198 1667
5199 5989
5200 1614
5201 1563
5202 5260
5203 1615
5204 5468
5205 1667
5206 1615
5207 5729
5208 20364
5209 1667
5210 13072
5211 1666
5212 5417
5213 1667
5214 1562
5215 5625
5216 1615
5217 5573
5218 1719
5219 1562
5220 5833
5221 1667
5222 5364
5223 1666
5224 1563
5225 32395
5226 1667
5227 5781
5228 1667
5229 1614
5230 11614
5231 1667
5232 5468
5233 1666
5234 1563
5235 5782
5236 1667
5237 5313
5238 1615
5239 1562
5240 5677
5241 1667
5242 5417
5243 1614
5244 1615
5245 5365
5246 1563
5247 1563
5248 5312
5249 1667
5250 5677
5251 1615
5252 1563
5253 6041
5254 1666
5255 5677
5256 1614
5257 1563
5258 5469
5259 1719
5260 5781
5261 1615
5262 1562
5263 5833
5264 1667
5265 5729
5266 1667
5267 1563
5268 11614
5269 1614
5270 6042
5271 1667
5272 1563
5273 5364
5274 1667
5275 5989
5276 1614
5277 1562
5278 5729
5279 1667
5280 1614
5281 5677
5282 1667
5283 6719
5284 1719
5285 1562
5286 6302
5287 1615
5288 5521
5289 1614
5290 1615
5291 5520
5292 1666
5293 9791
5294 1667
5295 1562
5296 6250
5297 1614
5298 5989
5299 1614
5300 1615
5301 5989
5302 1667
5303 6562
5304 1615
5305 1666
5306 11823
5307 1822
5308 6458
5309 1614
5310 1563
5311 5677
5312 1614
5313 5521
5314 1719
5315 1562
5316 6042
5317 1667
5318 1563
5319 5312
5320 1666
5321 15000
5322 1666
5323 1563
5324 5729
5325 1666
5326 6146
5327 1771
5328 1562
5329 5990
5330 1719
5331 5938
5332 1615
5333 1562
5334 6666
5335 1823
5336 5937
5337 1667
5338 1562
5339 5886
5340 1614
5341 6250
5342 2656
5343 1615
5344 11927
5345 1667
5346 6250
5347 1615
5348 1562
5349 5885
5350 1667
5351 5990
5352 1719
5353 1563
5354 5729
5355 1614
5356 1615
5357 5625
5358 1614
5359 5313
5360 1614
5361 1563
5362 6094
5363 1927
5364 10781
5365 1666
5366 1563
5367 5364
5368 1615
5369 5989
5370 1718
5371 1563
5372 6250
5373 1614
5374 6510
5375 1667
5376 1614
5377 10312
5378 1667
5379 7916
5380 20885
5381 1823
5382 12291
5383 1667
5384 5989
5385 1614
5386 1614
5387 6250
5388 1614
5389 5938
5390 1614
5391 1615
5392 5938
5393 1614
5394 1667
5395 6666
5396 1666
5397 6146
5398 1615
5399 1562
5400 5364
5401 1562
5402 5625
5403 1614
5404 1614
5405 6042
5406 1615
5407 6198
5408 1667
5409 68071
5410 8698
5411 1823
5412 6614
5413 1718
5414 1615
5415 7187
5416 1718
5417 6354
5418 1614
5419 1563
5420 12396
5421 1667
5422 6822
5423 2968
5424 1615
5425 5729
5426 1667
5427 1562
5428 6094
5429 1615
5430 6093
5431 1615
5432 1510
5433 5417
5434 1614
5435 5989
5436 1666
5437 1563
5438 6511
5439 1615
5440 5677
5441 1614
5442 1563
5443 6146
5444 1563
5445 5938
5446 1719
5447 1562
5448 5990
5449 1615
5450 5781
5451 1666
5452 1615
5453 5364
5454 1666
5455 6094
5456 1667
5457 1563
5458 12552
5459 1615
5460 11822
5461 1666
5462 1615
5463 7656
5464 1614
5465 1563
5466 5625
5467 1614
5468 6511
5469 1615
5470 1563
5471 5677
5472 1615
5473 6614
5474 1667
5475 1614
5476 6198
5477 1615
5478 8697
5479 1666
5480 1563
5481 15208
5482 1771
5483 5885
5484 1614
5485 1563
5486 5782
5487 1718
5488 6146
5489 1615
5490 1562
5491 6250
5492 1667
5493 6198
5494 1615
5495 1563
5496 13177
5497 1719
5498 5573
5499 1615
5500 1562
5501 24322
5502 1822
5503 1614
5504 10364
5505 1667
5506 5729
5507 1614
5508 1563
5509 5677
5510 1666
5511 5781
5512 1614
5513 1562
5514 5885
5515 1614
5516 5886
5517 1614
5518 1615
5519 7969
5520 1667
5521 5833
5522 1875
5523 1563
5524 5781
5525 1614
5526 5312
5527 1979
5528 1614
5529 5677
5530 1562
5531 6094
5532 1719
5533 1562
5534 12343
5535 1667
5536 2864
5537 5885
5538 1666
5539 5990
5540 1771
5541 1562
5542 5625
5543 1614
5544 9844
5545 1667
5546 1562
5547 5833
5548 1666
5549 5573
5550 1614
5551 1510
5552 5312
5553 1614
5554 6146
5555 1614
5556 1562
5557 5937
5558 1666
5559 6302
5560 1563
5561 1614
5562 5521
5563 1667
5564 5730
5565 1562
5566 1563
5567 6093
5568 1667
5569 5364
5570 1614
5571 1615
5572 11615
5573 1667
5574 1615
5575 6458
5576 1614
5577 6927
5578 1667
5579 1614
5580 5677
5581 1615
5582 6302
5583 1719
5584 1562
5585 6302
5586 1615
5587 5573
5588 1666
5589 1511
5590 6093
5591 1614
5592 6042
5593 1563
5594 1615
5595 6458
5596 1615
5597 7656
5598 1615
5599 1615
5600 5781
5601 1667
5602 5260
5603 1615
5604 1614
5605 5468
5606 1667
5607 5417
5608 1615
5609 1562
5610 11823
5611 1562
5612 1563
5613 8490
5614 1719
5615 7708
5616 1563
5617 1614
5618 6406
5619 1615
5620 5937
5621 1667
5622 1562
5623 5729
5624 1718
5625 5729
5626 1614
5627 1615
5628 9011
5629 1718
5630 5365
5631 1615
5632 1510
5633 5573
5634 1614
5635 5781
5636 1614
5637 2604
5638 5938
5639 2135
5640 16458
5641 1615
5642 1510
5643 5417
5644 1667
5645 5677
5646 1667
5647 1563
5648 11353
5649 1667
5650 1614
5651 6510
5652 1614
5653 5990
5654 1666
5655 1563
5656 9115
5657 5885
5658 6771
5659 1615
5660 1562
5661 5937
5662 2031
5663 5573
5664 1615
5665 1563
5666 5937
5667 1562
5668 5677
5669 1614
5670 1615
5671 5729
5672 5052
5673 21822
5674 1771
5675 1562
5676 8854
5677 1666
5678 8021
5679 1719
5680 1614
5681 6198
5682 1562
5683 1614
5684 5677
5685 1667
5686 12395
5687 1563
5688 2656
5689 5573
5690 1666
5691 5781
5692 1614
5693 1563
5694 6198
5695 1666
5696 6302
5697 1563
5698 1562
5699 6302
5700 1667
5701 5833
5702 1563
5703 1562
5704 5468
5705 1666
5706 5469
5707 1614
5708 1563
5709 6927
5710 1614
5711 11615
5712 1719
5713 1562
5714 5729
5715 1666
5716 6979
5717 1614
5718 1615
5719 5104
5720 1667
5721 1562
5722 6718
5723 1666
5724 11354
5725 1562
5726 1615
5727 6354
5728 2812
5729 5677
5730 1718
5731 1563
5732 7656
5733 1563
5734 7968
5735 1666
5736 1563
5737 5885
5738 1563
5739 8958
5740 1667
5741 1614
5742 6302
5743 1667
5744 5885
5745 1667
5746 1615
5747 5886
5748 1667
5749 6094
5750 1563
5751 1562
5752 5833
5753 1666
5754 5677
5755 1666
5756 1563
5757 6302
5758 1614
5759 1615
5760 5729
5761 1562
5762 12239
5763 1666
5764 1563
5765 7499
5766 1666
5767 10052
5768 1666
5769 1563
5770 5729
5771 1667
5772 6510
5773 1615
5774 1562
5775 5989
5776 1718
5777 6198
5778 1614
5779 1563
5780 6406
5781 1614
5782 6354
5783 1615
5784 1562
5785 5989
5786 1614
5787 6146
5788 1615
5789 1562
5790 5573
5791 2500
5792 1562
5793 5521
5794 1615
5795 9114
5796 1666
5797 1615
5798 7968
5799 1614
5800 23802
5801 1666
5802 1563
5803 11719
5804 1615
5805 8176
5806 1666
5807 1615
5808 6614
5809 1614
5810 6094
5811 1667
5812 1510
5813 6302
5814 1615
5815 7291
5816 1719
5817 1667
5818 6407
5819 1823
5820 5677
5821 1615
5822 1562
5823 6093
5824 1667
5825 5989
5826 1614
5827 1511
5828 5989
5829 1615
5830 2656
5831 5990
5832 1667
5833 13645
5834 1667
5835 1511
5836 5781
5837 1667
5838 6302
5839 1614
5840 1615
5841 5521
5842 1614
5843 6563
5844 1667
5845 1562
5846 5416
5847 1719
5848 6354
5849 1562
5850 1666
5851 5469
5852 1615
5853 5885
5854 1614
5855 1614
5856 5990
5857 1615
5858 5261
5859 1615
5860 1511
5861 5416
5862 1666
5863 5521
5864 1823
5865 1562
5866 5833
5867 1719
5868 1614
5869 6354
5870 1615
5871 13541
5872 1667
5873 1562
5874 8177
5875 1615
5876 8229
5877 1666
5878 1563
5879 12344
5880 1667
5881 5260
5882 1615
5883 1614
5884 5885
5885 1614
5886 5365
5887 1614
5888 1615
5889 6563
5890 1615
5891 5833
5892 2657
5893 1614
5894 5781
5895 1614
5896 6719
5897 1615
5898 1563
5899 5677
5900 1615
5901 5364
5902 1615
5903 1614
5904 6041
5905 1666
5906 1563
5907 13073
5908 1666
5909 12917
5910 1615
5911 1615
5912 5990
5913 1666
5914 5990
5915 1614
5916 1615
5917 5990
5918 1615
5919 5989
5920 1563
5921 1562
5922 5677
5923 1615
5924 5885
5925 1615
5926 1614
5927 5521
5928 1667
5929 25989
5930 1771
5931 1614
5932 6042
5933 1615
5934 5781
5935 1615
5936 1563
5937 5625
5938 1666
5939 1563
5940 5468
5941 1666
5942 5416
5943 1667
5944 1615
5945 5885
5946 1615
5947 25937
5948 1719
5949 1614
5950 8229
5951 1614
5952 6042
5953 1666
5954 1614
5955 17343
5956 1666
5957 7135
5958 1614
5959 1563
5960 7812
5961 1614
5962 10260
5963 1667
5964 1563
5965 6197
5966 1666
5967 6042
5968 1875
5969 1563
5970 5729
5971 1614
5972 5781
5973 1614
5974 1614
5975 5886
5976 1615
5977 1563
5978 6198
5979 1666
5980 6667
5981 1615
5982 1510
5983 7552
5984 1615
5985 13281
5986 1667
5987 1614
5988 5937
5989 1667
5990 5886
5991 1667
5992 1614
5993 5937
5994 1666
5995 5365
5996 1615
5997 1563
5998 5520
5999 1615
6000 7083
6001 1718
6002 1615
6003 5469
6004 1719
6005 5573
6006 1667
6007 1614
6008 5365
6009 1615
6010 6093
6011 1718
6012 1615
6013 5416
6014 1771
6015 1562
6016 5573
6017 1615
6018 5208
6019 1563
6020 1614
6021 6875
6022 1667
6023 12187
6024 1666
6025 1563
6026 7552
6027 1562
6028 7500
6029 1615
6030 1614
6031 5937
6032 1614
6033 6250
6034 1667
6035 1614
6036 5729
6037 1614
6038 6146
6039 1615
6040 1562
6041 6666
6042 1614
6043 5312
6044 1666
6045 1615
6046 9062
6047 1718
6048 1563
6049 5416
6050 1979
6051 5573
6052 1666
6053 1563
6054 5729
6055 1615
6056 5834
6057 1614
6058 1562
6059 6146
6060 1667
6061 11927
6062 1614
6063 1563
6064 6979
6065 1719
6066 8333
6067 1667
6068 1562
6069 5989
6070 1666
6071 6458
6072 1614
6073 1563
6074 6146
6075 1667
6076 6094
6077 1667
6078 1562
6079 5573
6080 1667
6081 24218
6082 1822
6083 5260
6084 5625
6085 1614
6086 1562
6087 7813
6088 1615
6089 5729
6090 1562
6091 1563
6092 7344
6093 1615
6094 8125
6095 1667
6096 1614
6097 8229
6098 1666
6099 28854
6100 1719
6101 1614
6102 7240
6103 1667
6104 7032
6105 1666
6106 1615
6107 6407
6108 1666
6109 6719
6110 1615
6111 1562
6112 6198
6113 1615
6114 17812
6115 1615
6116 1562
6117 5469
6118 1615
6119 7500
6120 1667
6121 1562
6122 6615
6123 1666
6124 1563
6125 6459
6126 1614
6127 7917
6128 1719
6129 1563
6130 14167
6131 1718
6132 6875
6133 1666
6134 1563
6135 6406
6136 1666
6137 11615
6138 1615
6139 1562
6140 7292
6141 1719
6142 6718
6143 1614
6144 1563
6145 5573
6146 1614
6147 6511
6148 1666
6149 1615
6150 8906
6151 1614
6152 7969
6153 1563
6154 1562
6155 6510
6156 1667
6157 6771
6158 1615
6159 1563
6160 6302
6161 1667
6162 1614
6163 5364
6164 1614
6165 5364
6166 1666
6167 1563
6168 6094
6169 1614
6170 6614
6171 1718
6172 1563
6173 6354
6174 1614
6175 12187
6176 1667
6177 1562
6178 8229
6179 1667
6180 7604
6181 1615
6182 1563
6183 6093
6184 1666
6185 6875
6186 1666
6187 1562
6188 5261
6189 1875
6190 6511
6191 1667
6192 2604
6193 6823
6194 1615
6195 1511
6196 6302
6197 1719
6198 5677
6199 1615
6200 1562
6201 5625
6202 1667
6203 6354
6204 1614
6205 1563
6206 5312
6207 1719
6208 6771
6209 3229
6210 1614
6211 5365
6212 1615
6213 14895
6214 1615
6215 1562
6216 6354
6217 1719
6218 6458
6219 1666
6220 1563
6221 6511
6222 1719
6223 5833
6224 1614
6225 1563
6226 5313
6227 2031
6228 23906
6229 1719
6230 1615
6231 7447
6232 1719
6233 1562
6234 5521
6235 1562
6236 6042
6237 1563
6238 1615
6239 5677
6240 1614
6241 6094
6242 1719
6243 1562
6244 6667
6245 1563
6246 5573
6247 1719
6248 1614
6249 8333
6250 1666
6251 12135
6252 1719
6253 1614
6254 6719
6255 1667
6256 5677
6257 1666
6258 1563
6259 5990
6260 1615
6261 7552
6262 1667
6263 1563
6264 6250
6265 1614
6266 5313
6267 1614
6268 1615
6269 5885
6270 1563
6271 1614
6272 6250
6273 1615
6274 16406
6275 1718
6276 1563
6277 6615
6278 1667
6279 6718
6280 2812
6281 1614
6282 6771
6283 1667
6284 6302
6285 1614
6286 1563
6287 5625
6288 1666
6289 12031
6290 1615
6291 1562
6292 6666
6293 1614
6294 8021
6295 1615
6296 1563
6297 10520
6298 1719
6299 6666
6300 1614
6301 1563
6302 8386
6303 1667
6304 1563
6305 8177
6306 1563
6307 7604
6308 1718
6309 1615
6310 6197
6311 1614
6312 6355
6313 1562
6314 1615
6315 5625
6316 1614
6317 5781
6318 2656
6319 2031
6320 6510
6321 1666
6322 5573
6323 1562
6324 1615
6325 6874
6326 1614
6327 11771
6328 1667
6329 1563
6330 8281
6331 1614
6332 7448
6333 1667
6334 1562
6335 6927
6336 1615
6337 6875
6338 1667
6339 1562
6340 6146
6341 1615
6342 1511
6343 6093
6344 1666
6345 5834
6346 1667
6347 1511
6348 5364
6349 1615
6350 6197
6351 1667
6352 1562
6353 5573
6354 1614
6355 5885
6356 1615
6357 1614
6358 6875
6359 2448
6360 5677
6361 1615
6362 1562
6363 5469
6364 2864
6365 11510
6366 1667
6367 1510
6368 8021
6369 1667
6370 7448
6371 1615
6372 1563
6373 5781
6374 1667
6375 6510
6376 1666
6377 1562
6378 6563
6379 5573
6380 1666
6381 10677
6382 2135
6383 6874
6384 1770
6385 1615
6386 5729
6387 1615
6388 5260
6389 1667
6390 1615
6391 6094
6392 1615
6393 34426
6394 1719
6395 1614
6396 6094
6397 2761
6398 6093
6399 1667
6400 1563
6401 5781
6402 1615
6403 13228
6404 1719
6405 1614
6406 6354
6407 1615
6408 5677
6409 1667
6410 1562
6411 5781
6412 1615
6413 6093
6414 1562
6415 1615
6416 5989
6417 1667
6418 1562
6419 6302
6420 1667
6421 6302
6422 1615
6423 1614
6424 6146
6425 1562
6426 6979
6427 1614
6428 1563
6429 5938
6430 1614
6431 6354
6432 1615
6433 1562
6434 17187
6435 1667
6436 6510
6437 1615
6438 1562
6439 6302
6440 1615
6441 12343
6442 1614
6443 1563
6444 7917
6445 1615
6446 9218
6447 1615
6448 1563
6449 5469
6450 1615
6451 1614
6452 5677
6453 1667
6454 6927
6455 1615
6456 2552
6457 7135
6458 2448
6459 6146
6460 1615
6461 1510
6462 6042
6463 1667
6464 11302
6465 1823
6466 1614
6467 7083
6468 1666
6469 6927
6470 1666
6471 1615
6472 6041
6473 1667
6474 6823
6475 1667
6476 1562
6477 5937
6478 1614
6479 11875
6480 1615
6481 1562
6482 5938
6483 1562
6484 6302
6485 1667
6486 1614
6487 6354
6488 1614
6489 1562
6490 5990
6491 1667
6492 5468
6493 1615
6494 1562
6495 6927
6496 1667
6497 6875
6498 1615
6499 1562
6500 8177
6501 1615
6502 8229
6503 1771
6504 1563
6505 6094
6506 1667
6507 6458
6508 1615
6509 1563
6510 5416
6511 1614
6512 6614
6513 1614
6514 1511
6515 5625
6516 1614
6517 11719
6518 1615
6519 1562
6520 6146
6521 1615
6522 6198
6523 1615
6524 18541
6525 7656
6526 5729
6527 1563
6528 6249
6529 1562
6530 5417
6531 1614
6532 1563
6533 6093
6534 1615
6535 5625
6536 1615
6537 1510
6538 6510
6539 1615
6540 6042
6541 4167
6542 1615
6543 25468
6544 1667
6545 9270
6546 1875
6547 1614
6548 10781
6549 1615
6550 5468
6551 1979
6552 1562
6553 6458
6554 1614
6555 12344
6556 1667
6557 1614
6558 6198
6559 1667
6560 1562
6561 5625
6562 1718
6563 5990
6564 1667
6565 1562
6566 6042
6567 1615
6568 5886
6569 1615
6570 1562
6571 5885
6572 1719
6573 5781
6574 1614
6575 1614
6576 5990
6577 1719
6578 5469
6579 1615
6580 1615
6581 5729
6582 1719
6583 6771
6584 1667
6585 1563
6586 5729
6587 1615
6588 5520
6589 1614
6590 1511
6591 5625
6592 1666
6593 23437
6594 1667
6595 2656
6596 6146
6597 1615
6598 1614
6599 7708
6600 1562
6601 7760
6602 1667
6603 1562
6604 6510
6605 1614
6606 7135
6607 1614
6608 1563
6609 6719
6610 1667
6611 5416
6612 1666
6613 1615
6614 6250
6615 1615
6616 5885
6617 1614
6618 5729
6619 8542
6620 1667
6621 7135
6622 1615
6623 1562
6624 8594
6625 1667
6626 15312
6627 1666
6628 1615
6629 6093
6630 1615
6631 14218
6632 1666
6633 1562
6634 6094
6635 1667
6636 1562
6637 6615
6638 2656
6639 5677
6640 1615
6641 1562
6642 5781
6643 1614
6644 6250
6645 22552
6646 1771
6647 10416
6648 1666
6649 6510
6650 1615
6651 1563
6652 5624
6653 1666
6654 5990
6655 1667
6656 1562
6657 5625
6658 1667
6659 5937
6660 1615
6661 1562
6662 8281
6663 1667
6664 12291
6665 1667
6666 1562
6667 5833
6668 1614
6669 7865
6670 1615
6671 1562
6672 5573
6673 1614
6674 2396
6675 6354
6676 1614
6677 6042
6678 1719
6679 1666
6680 6667
6681 1667
6682 5781
6683 1667
6684 1563
6685 5416
6686 1718
6687 5833
6688 1667
6689 1563
6690 6145
6691 1615
6692 5521
6693 1666
6694 1562
6695 5625
6696 1615
6697 5782
6698 1614
6699 1615
6700 6354
6701 1614
6702 12604
6703 1719
6704 1667
6705 7292
6706 1666
6707 1615
6708 5468
6709 1614
6710 5625
6711 1615
6712 1614
6713 5521
6714 1719
6715 9895
6716 1667
6717 1562
6718 7552
6719 1667
6720 6302
6721 1615
6722 1562
6723 5625
6724 1614
6725 6354
6726 2031
6727 1562
6728 5677
6729 1667
6730 6197
6731 1615
6732 1562
6733 5416
6734 1666
6735 6719
6736 1667
6737 1562
6738 5729
6739 2916
6740 12448
6741 1666
6742 1563
6743 5677
6744 1666
6745 1563
6746 5572
6747 1562
6748 15833
6749 1771
6750 1562
6751 8333
6752 1667
6753 6927
6754 1667
6755 1614
6756 5937
6757 1614
6758 6875
6759 1666
6760 1615
6761 5313
6762 1667
6763 5573
6764 1667
6765 1614
6766 5521
6767 1615
6768 5520
6769 1667
6770 1562
6771 5729
6772 1614
6773 6250
6774 1719
6775 1614
6776 6562
6777 1614
6778 12604
6779 1666
6780 1667
6781 5885
6782 1615
6783 1510
6784 6406
6785 1667
6786 5729
6787 1667
6788 1614
6789 5365
6790 1667
6791 5781
6792 1614
6793 1562
6794 5417
6795 1667
6796 5573
6797 1614
6798 1562
6799 11197
6800 2187
6801 5782
6802 1667
6803 1562
6804 5417
6805 1667
6806 5416
6807 1615
6808 1614
6809 5573
6810 1719
6811 5989
6812 1614
6813 1562
6814 5417
6815 4636
6816 1667
6817 31666
6818 1666
6819 6615
6820 1667
6821 1562
6822 5469
6823 1615
6824 5364
6825 1562
6826 1562
6827 5677
6828 3072
6829 5313
6830 1667
6831 1614
6832 5885
6833 1719
6834 5469
6835 1667
6836 1562
6837 6198
6838 1667
6839 6093
6840 1718
6841 1615
6842 6041
6843 1563
6844 5625
6845 1615
6846 4375
6847 11667
6848 1666
6849 7916
6850 1615
6851 3229
6852 7760
6853 1563
6854 1562
6855 12604
6856 1667
6857 10885
6858 1614
6859 1563
6860 6094
6861 1563
6862 6145
6863 1614
6864 1667
6865 6666
6866 1719
6867 6458
6868 1614
6869 1510
6870 5313
6871 1667
6872 6302
6873 1615
6874 1563
6875 5572
6876 1718
6877 6615
6878 1615
6879 1562
6880 5677
6881 1615
6882 11666
6883 1667
6884 1614
6885 6146
6886 1615
6887 7708
6888 1667
6889 1510
6890 5312
6891 1666
6892 1563
6893 14322
6894 1667
6895 5625
6896 1614
6897 1615
6898 7968
6899 1562
6900 7917
6901 1614
6902 1615
6903 6302
6904 1614
6905 6667
6906 1615
6907 1510
6908 17500
6909 1615
6910 7656
6911 1666
6912 1563
6913 5416
6914 1667
6915 5521
6916 1666
6917 1563
6918 5468
6919 1614
6920 6667
6921 1615
6922 1562
6923 5833
6924 1614
6925 6250
6926 1615
6927 1614
6928 5781
6929 1562
6930 1563
6931 11094
6932 1667
6933 5625
6934 21875
6935 1562
6936 9896
6937 1667
6938 5729
6939 1667
6940 1562
6941 5781
6942 1614
6943 5886
6944 1614
6945 1563
6946 6354
6947 1666
6948 5834
6949 1615
6950 1615
6951 7812
6952 1928
6953 6406
6954 1615
6955 1562
6956 5521
6957 1615
6958 5937
6959 1615
6960 1562
6961 5781
6962 1667
6963 1563
6964 7500
6965 1667
6966 10416
6967 1667
6968 3333
6969 12760
6970 1615
6971 5417
6972 1719
6973 1562
6974 5469
6975 1615
6976 5260
6977 1615
6978 1614
6979 5833
6980 1615
6981 5833
6982 1719
6983 1562
6984 5469
6985 1615
6986 6145
6987 1614
6988 1562
6989 5417
6990 1615
6991 5260
6992 1563
6993 1562
6994 5677
6995 1615
6996 5364
6997 1615
6998 1666
6999 5677
7000 1615
7001 1562
7002 8281
7003 1562
7004 7708
7005 1667
7006 1562
7007 12552
7008 1718
7009 5886
7010 1667
7011 1563
7012 5364
7013 1666
7014 5365
7015 1667
7016 1562
7017 5312
7018 1614
7019 5729
7020 1615
7021 1614
7022 6146
7023 1615
7024 5782
7025 1667
7026 1615
7027 6198
7028 1667
7029 5781
7030 1614
7031 1563
7032 5364
7033 1615
7034 5729
7035 1615
7036 1614
7037 5312
7038 1666
7039 1563
7040 5521
7041 1563
7042 5677
7043 1667
7044 1510
7045 11614
7046 1614
7047 5677
7048 1718
7049 1563
7050 9322
7051 1667
7052 5573
7053 1667
7054 1614
7055 5469
7056 1614
7057 6042
7058 1719
7059 1615
7060 5625
7061 1666
7062 6250
7063 1615
7064 1563
7065 5572
7066 1666
7067 15989
7068 1667
7069 1667
7070 7187
7071 1615
7072 1562
7073 5417
7074 1719
7075 6406
7076 1719
7077 1562
7078 5416
7079 1719
7080 6302
7081 1718
7082 1563
7083 12395
7084 1615
7085 5677
7086 1562
7087 1563
7088 23906
7089 1771
7090 11094
7091 1667
7092 1562
7093 5417
7094 1719
7095 5364
7096 1614
7097 1615
7098 5312
7099 1667
7100 6927
7101 1563
7102 1562
7103 7343
7104 1666
7105 6250
7106 1771
7107 1615
7108 6458
7109 1719
7110 1615
7111 5834
7112 1667
7113 5364
7114 1667
7115 1563
7116 5781
7117 1562
7118 6250
7119 1875
7120 1615
7121 11978
7122 1667
7123 7084
7124 1667
7125 1615
7126 5885
7127 1667
7128 6042
7129 1614
7130 1615
7131 5886
7132 1667
7133 10677
7134 1667
7135 1562
7136 6094
7137 1562
7138 5365
7139 1614
7140 1563
7141 5572
7142 1771
7143 5416
7144 1667
7145 1562
7146 5520
7147 1563
7148 1510
7149 6302
7150 1614
7151 6302
7152 1563
7153 1510
7154 5469
7155 1615
7156 6198
7157 1615
7158 1562
7159 12448
7160 1667
7161 8958
7162 1719
7163 1615
7164 6354
7165 1667
7166 6406
7167 1614
7168 1615
7169 5885
7170 1667
7171 5416
7172 1614
7173 1563
7174 5468
7175 1614
7176 6302
7177 1615
7178 1562
7179 6094
7180 1667
7181 5677
7182 2812
7183 1563
7184 5729
7185 1667
7186 1562
7187 6146
7188 1667
7189 6719
7190 1615
7191 1562
7192 6302
7193 1666
7194 5417
7195 1666
7196 1511
7197 12291
7198 1615
7199 8021
7200 1615
7201 1562
7202 6771
7203 1614
7204 11875
7205 1980
7206 1614
7207 5989
7208 1614
7209 5677
7210 1719
7211 1614
7212 6041
7213 1614
7214 5469
7215 1615
7216 1562
7217 11718
7218 1667
7219 1562
7220 6198
7221 1666
7222 5729
7223 1667
7224 1563
7225 5833
7226 1667
7227 17916
7228 1614
7229 1563
7230 5938
7231 1667
7232 7031
7233 1615
7234 1563
7235 11614
7236 1614
7237 6302
7238 22865
7239 1771
7240 10416
7241 1667
7242 6042
7243 1771
7244 1563
7245 5677
7246 2292
7247 5781
7248 1615
7249 1563
7250 5729
7251 2031
7252 6146
7253 1615
7254 1614
7255 7188
7256 22187
7257 1719
7258 6250
7259 1667
7260 6510
7261 1666
7262 1615
7263 5937
7264 1614
7265 5937
7266 1614
7267 1511
7268 5729
7269 1614
7270 6719
7271 1719
7272 1614
7273 12969
7274 1666
7275 5469
7276 1666
7277 1563
7278 8386
7279 1615
7280 7604
7281 1615
7282 1563
7283 5989
7284 1667
7285 7812
7286 1667
7287 1563
7288 5468
7289 1666
7290 6875
7291 1667
7292 2396
7293 6718
7294 1614
7295 1510
7296 5677
7297 1718
7298 6094
7299 1615
7300 1510
7301 11666
7302 1719
7303 8489
7304 1614
7305 1563
7306 5729
7307 1615
7308 7500
7309 1614
7310 1615
7311 12031
7312 1667
7313 6406
7314 1615
7315 1563
7316 7448
7317 1614
7318 5990
7319 1667
7320 1562
7321 7552
7322 1719
7323 8020
7324 1614
7325 1563
7326 5677
7327 1615
7328 1562
7329 6927
7330 1614
7331 5834
7332 1615
7333 1563
7334 5937
7335 1667
7336 5312
7337 1614
7338 1563
7339 5886
7340 1667
7341 6041
7342 1667
7343 1562
7344 5833
7345 1614
7346 5886
7347 1666
7348 1615
7349 12031
7350 1615
7351 6614
7352 1666
7353 1615
7354 6562
7355 1615
7356 5885
7357 1615
7358 1614
7359 5729
7360 1615
7361 5468
7362 1666
7363 1615
7364 6093
7365 1666
7366 1562
7367 7865
7368 1666
7369 8646
7370 1666
7371 1562
7372 5573
7373 1615
7374 7343
7375 1614
7376 1562
7377 5573
7378 1615
7379 6979
7380 1615
7381 1562
7382 5469
7383 1615
7384 11302
7385 1615
7386 1563
7387 42030
7388 1770
7389 11198
7390 1615
7391 1562
7392 5885
7393 1615
7394 6094
7395 1667
7396 1562
7397 5416
7398 1614
7399 6094
7400 1615
7401 1562
7402 6094
7403 3750
7404 1615
7405 21197
7406 1615
7407 6093
7408 1666
7409 1615
7410 8697
7411 1667
7412 8125
7413 1667
7414 1563
7415 5729
7416 1614
7417 6354
7418 1614
7419 1511
7420 7604
7421 1614
7422 5677
7423 1614
7424 1563
7425 12552
7426 1511
7427 6511
7428 1615
7429 1562
7430 9218
7431 1614
7432 13385
7433 1719
7434 1562
7435 7864
7436 1666
7437 5677
7438 1614
7439 1563
7440 7031
7441 1615
7442 1563
7443 7761
7444 1667
7445 8177
7446 1667
7447 1563
7448 6458
7449 1667
7450 7135
7451 1719
7452 1562
7453 5729
7454 1615
7455 6562
7456 1615
7457 1562
7458 12812
7459 1666
7460 7604
7461 1563
7462 1562
7463 7500
7464 1667
7465 7864
7466 1614
7467 1563
7468 13489
7469 1719
7470 6770
7471 1615
7472 1615
7473 7291
7474 1615
7475 1614
7476 6146
7477 1563
7478 5885
7479 1615
7480 1562
7481 6458
7482 1615
7483 6771
7484 1667
7485 1562
7486 5729
7487 1615
7488 6718
7489 1563
7490 1979
7491 5833
7492 1614
7493 5833
7494 1614
7495 1563
7496 12031
7497 1563
7498 5677
7499 1667
7500 1562
7501 7239
7502 1667
7503 5782
7504 1614
7505 1615
7506 5209
7507 1614
7508 6146
7509 1927
7510 1614
7511 9791
7512 1667
7513 1614
7514 5625
7515 1667
7516 6250
7517 1667
7518 1562
7519 5781
7520 1667
7521 5781
7522 1615
7523 1563
7524 6458
7525 1615
7526 6406
7527 1666
7528 1615
7529 6145
7530 1718
7531 6250
7532 1562
7533 1562
7534 11666
7535 1719
7536 6718
7537 1614
7538 1563
7539 5468
7540 1615
7541 15364
7542 1615
7543 1562
7544 7864
7545 1667
7546 7968
7547 1667
7548 1562
7549 5677
7550 1667
7551 1614
7552 10052
7553 1719
7554 5677
7555 1719
7556 1562
7557 6614
7558 1614
7559 5573
7560 1614
7561 1562
7562 5781
7563 1614
7564 6146
7565 1667
7566 1562
7567 5677
7568 1563
7569 5781
7570 1667
7571 1614
7572 12239
7573 1615
7574 6354
7575 1614
7576 1563
7577 5886
7578 1667
7579 5261
7580 1615
7581 1615
7582 5729
7583 1615
7584 1563
7585 6146
7586 1667
7587 5938
7588 1615
7589 1562
7590 6094
7591 1667
7592 5468
7593 1562
7594 1563
7595 5209
7596 1719
7597 5572
7598 1614
7599 1563
7600 6511
7601 1615
7602 5677
7603 1615
7604 1614
7605 5573
7606 1667
7607 5834
7608 1615
7609 1562
7610 11666
7611 1667
7612 5937
7613 1614
7614 1563
7615 5313
7616 1667
7617 5625
7618 1614
7619 1563
7620 7188
7621 1615
7622 1562
7623 5833
7624 1614
7625 5989
7626 1666
7627 1563
7628 5469
7629 1615
7630 5416
7631 1719
7632 1562
7633 6041
7634 1666
7635 8906
7636 1719
7637 1563
7638 6093
7639 1667
7640 6354
7641 1667
7642 1562
7643 5833
7644 1666
7645 5833
7646 1614
7647 1510
7648 11563
7649 1615
7650 5885
7651 1562
7652 1562
7653 5781
7654 1666
7655 5313
7656 1666
7657 1615
7658 5625
7659 1614
7660 1563
7661 23957
7662 1719
7663 10208
7664 1719
7665 1614
7666 5885
7667 1614
7668 5572
7669 1666
7670 1615
7671 6042
7672 1667
7673 5364
7674 1614
7675 1562
7676 5313
7677 1615
7678 7813
7679 1667
7680 21249
7681 5938
7682 1667
7683 5885
7684 1563
7685 1562
7686 11302
7687 1666
7688 6146
7689 1667
7690 1510
7691 5573
7692 1614
7693 5677
7694 1667
7695 2812
7696 5313
7697 1666
7698 1563
7699 6093
7700 1666
7701 14791
7702 1667
7703 1562
7704 5989
7705 1771
7706 6562
7707 1718
7708 1615
7709 5468
7710 1614
7711 5937
7712 1614
7713 1563
7714 6510
7715 1667
7716 5364
7717 1614
7718 1615
7719 9583
7720 1719
7721 5364
7722 1666
7723 1563
7724 11719
7725 1614
7726 6146
7727 1667
7728 1666
7729 5885
7730 1614
7731 1563
7732 5885
7733 1667
7734 7239
7735 1615
7736 1562
7737 5521
7738 1667
7739 6094
7740 1667
7741 1615
7742 5625
7743 1718
7744 5989
7745 1667
7746 1562
7747 5365
7748 1563
7749 6301
7750 1614
7751 1563
7752 7551
7753 1666
7754 6146
7755 1667
7756 1562
7757 5416
7758 1614
7759 5573
7760 1615
7761 1562
7762 11875
7763 1614
7764 6406
7765 1615
7766 1562
7767 6250
7768 1667
7769 1562
7770 6354
7771 1562
7772 6042
7773 1614
7774 1510
7775 7292
7776 1667
7777 5729
7778 1667
7779 1562
7780 5521
7781 1614
7782 5208
7783 1666
7784 1615
7785 5572
7786 1614
7787 6771
7788 1614
7789 1562
7790 5885
7791 1615
7792 6198
7793 1614
7794 1563
7795 5520
7796 1667
7797 5729
7798 1719
7799 1614
7800 12396
7801 1614
7802 9792
7803 1718
7804 1615
7805 6093
7806 1563
7807 1510
7808 5990
7809 1615
7810 5521
7811 1615
7812 1614
7813 6094
7814 1667
7815 23333
7816 1719
7817 1615
7818 5937
7819 1667
7820 6511
7821 1667
7822 1562
7823 5573
7824 1719
7825 5625
7826 1614
7827 1562
7828 5729
7829 1667
7830 6146
7831 1614
7832 1615
7833 8176
7834 15781
7835 6823
7836 1667
7837 1614
7838 11875
7839 1615
7840 1615
7841 6146
7842 1667
7843 5781
7844 1719
7845 1562
7846 6719
7847 1615
7848 6302
7849 1615
7850 1615
7851 6927
7852 1667
7853 6406
7854 1666
7855 1615
7856 5312
7857 1667
7858 5833
7859 1614
7860 1563
7861 15885
7862 1667
7863 5469
7864 1719
7865 1562
7866 5937
7867 1614
7868 7135
7869 1666
7870 1615
7871 5572
7872 1666
7873 5990
7874 1667
7875 1562
7876 12968
7877 1615
7878 1562
7879 5417
7880 1615
7881 6718
7882 1615
7883 1562
7884 5365
7885 1667
7886 10313
7887 1719
7888 1615
7889 6302
7890 1615
7891 5885
7892 1615
7893 1562
7894 6198
7895 1562
7896 7292
7897 1615
7898 1562
7899 6250
7900 1615
7901 6146
7902 1614
7903 1562
7904 5729
7905 1666
7906 5938
7907 1667
7908 1563
7909 5782
7910 1615
7911 5990
7912 1719
7913 1562
7914 13646
7915 1666
7916 1563
7917 6667
7918 1563
7919 5781
7920 1614
7921 1563
7922 6406
7923 1614
7924 5938
7925 1667
7926 1563
7927 6875
7928 1614
7929 6614
7930 1615
7931 1510
7932 6250
7933 1615
7934 5625
7935 1667
7936 1667
7937 6250
7938 1667
7939 5573
7940 1666
7941 1563
7942 5625
7943 1666
7944 5677
7945 1667
7946 1979
7947 5625
7948 1615
7949 5521
7950 1615
7951 1562
7952 13177
7953 1666
7954 1563
7955 7708
7956 1667
7957 6874
7958 1666
7959 1615
7960 5520
7961 1666
7962 6354
7963 1563
7964 1562
7965 5677
7966 1667
7967 7187
7968 1979
7969 2448
7970 15572
7971 1719
7972 7760
7973 1614
7974 1563
7975 6093
7976 1718
7977 6458
7978 1562
7979 1615
7980 5260
7981 1615
7982 6198
7983 1614
7984 4531
7985 20885
7986 1770
7987 1615
7988 6302
7989 1615
7990 12604
7991 1667
7992 1614
7993 6563
7994 1614
7995 6719
7996 1771
7997 1614
7998 6354
7999 1614
8000 6614
8001 1614
8002 1563
8003 5886
8004 1615
8005 6094
8006 1667
8007 1614
8008 6146
8009 1615
8010 5989
8011 1667
8012 1562
8013 5573
8014 1667
8015 6510
8016 1615
8017 1614
8018 5990
8019 1562
8020 16562
8021 1667
8022 1666
8023 5521
8024 1667
8025 1563
8026 5729
8027 1771
8028 11979
8029 1667
8030 1562
8031 6459
8032 1667
8033 6511
8034 1615
8035 1511
8036 5833
8037 1615
8038 6979
8039 2865
8040 1614
8041 7656
8042 1615
8043 8646
8044 1615
8045 1562
8046 6093
8047 1562
8048 6614
8049 1614
8050 1563
8051 6041
8052 1614
8053 10000
8054 1614
8055 1563
8056 6093
8057 1563
8058 7447
8059 1666
8060 1667
8061 5468
8062 1614
8063 1615
8064 6093
8065 1615
8066 11771
8067 1666
8068 1510
8069 5989
8070 1562
8071 5989
8072 1666
8073 1563
8074 6197
8075 1614
8076 7031
8077 1666
8078 1563
8079 8229
8080 1666
8081 5677
8082 1666
8083 1615
8084 6042
8085 1667
8086 5572
8087 1614
8088 1563
8089 6406
8090 1615
8091 5989
8092 1615
8093 1614
8094 5677
8095 1667
8096 1614
8097 6094
8098 1667
8099 6770
8100 1666
8101 1563
8102 5312
8103 1667
8104 12708
8105 1614
8106 1563
8107 6094
8108 1667
8109 6770
8110 1614
8111 1563
8112 5677
8113 1666
8114 5885
8115 1614
8116 1511
8117 5782
8118 1718
8119 24896
8120 1666
8121 1615
8122 7969
8123 1615
8124 8125
8125 1667
8126 1614
8127 5469
8128 1667
8129 6406
8130 1614
8131 1615
8132 6197
8133 1666
8134 1563
8135 8802
8136 1667
8137 10416
8138 1875
8139 1563
8140 8281
8141 1614
8142 12969
8143 1719
8144 1615
8145 5938
8146 1666
8147 5833
8148 1666
8149 1563
8150 5572
8151 1614
8152 5729
8153 1667
8154 1614
8155 5990
8156 1614
8157 6771
8158 1770
8159 1615
8160 6250
8161 1614
8162 5261
8163 1666
8164 1615
8165 5885
8166 1562
8167 5260
8168 1666
8169 1614
8170 6615
8171 2761
8172 1614
8173 7812
8174 1614
8175 7552
8176 1719
8177 1615
8178 5573
8179 1666
8180 22447
8181 1823
8182 1563
8183 5677
8184 1667
8185 6198
8186 1615
8187 1510
8188 5729
8189 1666
8190 6041
8191 1614
8192 1563
8193 5938
8194 1562
8195 6875
8196 1563
8197 1562
8198 5521
8199 1667
8200 6354
8201 1562
8202 1511
8203 5416
8204 3020
8205 5781
8206 1614
8207 1615
8208 5782
8209 1979
8210 1614
8211 6615
8212 1615
8213 6146
8214 1614
8215 1563
8216 5886
8217 1562
8218 12083
8219 1667
8220 1615
8221 9948
8222 1667
8223 5417
8224 1667
8225 1615
8226 6302
8227 1666
8228 5365
8229 1614
8230 1563
8231 5364
8232 1667
8233 5573
8234 1614
8235 1615
8236 6458
8237 1615
8238 6459
8239 1667
8240 1562
8241 6302
8242 1667
8243 1510
8244 5833
8245 1666
8246 6562
8247 1614
8248 3229
8249 9322
8250 1666
8251 15833
8252 2084
8253 1562
8254 6198
8255 1666
8256 6354
8257 1562
8258 1563
8259 6874
8260 1667
8261 5625
8262 1667
8263 1562
8264 5625
8265 1615
8266 5937
8267 1667
8268 1927
8269 5729
8270 1667
8271 6718
8272 1666
8273 1563
8274 7136
8275 1667
8276 6302
8277 1615
8278 1614
8279 5417
8280 1667
8281 1510
8282 5833
8283 1614
8284 5677
8285 1563
8286 1562
8287 5937
8288 64270
8289 15625
8290 1719
8291 1562
8292 6563
8293 1615
8294 6249
8295 1614
8296 1615
8297 6145
8298 1614
8299 5886
8300 1615
8301 1614
8302 6354
8303 1615
8304 15208
8305 1666
8306 1563
8307 6145
8308 1563
8309 6093
8310 1666
8311 1563
8312 6250
8313 1562
8314 6562
8315 1666
8316 1615
8317 6146
8318 1666
8319 1562
8320 5625
8321 1667
8322 5573
8323 1667
8324 1562
8325 5521
8326 1615
8327 11667
8328 1614
8329 1563
8330 7344
8331 1614
8332 8750
8333 1615
8334 1562
8335 17499
8336 1667
8337 8073
8338 1615
8339 1511
8340 6718
8341 1666
8342 5573
8343 1615
8344 1510
8345 5364
8346 1615
8347 6823
8348 1615
8349 1562
8350 6042
8351 1719
8352 1667
8353 5573
8354 1771
8355 5521
8356 1667
8357 1510
8358 5938
8359 1510
8360 5261
8361 1666
8362 1614
8363 5989
8364 1562
8365 11354
8366 1614
8367 1614
8368 6354
8369 1666
8370 5885
8371 1614
8372 1563
8373 6771
8374 1615
8375 5781
8376 1615
8377 1562
8378 6198
8379 1615
8380 5625
8381 1979
8382 1615
8383 10260
8384 1667
8385 5364
8386 1562
8387 1615
8388 9322
8389 1667
8390 1510
8391 5729
8392 1667
8393 5521
8394 1667
8395 1614
8396 6146
8397 1719
8398 7083
8399 1771
8400 1562
8401 7083
8402 1666
8403 12552
8404 1614
8405 1615
8406 5468
8407 1666
8408 5990
8409 1615
8410 1562
8411 5937
8412 1667
8413 5625
8414 1667
8415 1563
8416 6145
8417 1614
8418 5312
8419 1562
8420 1563
8421 5521
8422 1667
8423 5938
8424 1562
8425 1563
8426 5729
8427 1666
8428 1563
8429 5730
8430 1614
8431 5625
8432 1667
8433 1563
8434 5417
8435 1615
8436 5625
8437 1667
8438 1562
8439 5677
8440 1615
8441 11042
8442 1666
8443 1615
8444 7604
8445 1614
8446 6823
8447 1615
8448 1562
8449 5885
8450 1666
8451 6823
8452 1615
8453 1614
8454 5937
8455 2760
8456 5729
8457 1667
8458 1615
8459 5833
8460 1771
8461 5989
8462 1667
8463 1614
8464 6042
8465 1615
8466 1562
8467 5416
8468 1666
8469 6198
8470 1615
8471 1562
8472 9896
8473 1667
8474 5625
8475 1667
8476 1614
8477 6094
8478 1719
8479 11770
8480 1667
8481 1562
8482 5468
8483 1666
8484 7396
8485 1615
8486 1614
8487 5260
8488 1614
8489 6198
8490 1615
8491 1562
8492 5469
8493 1615
8494 16301
8495 1667
8496 1562
8497 5417
8498 1615
8499 1614
8500 6927
8501 1615
8502 12447
8503 1615
8504 1510
8505 5938
8506 1666
8507 5313
8508 1615
8509 1562
8510 6042
8511 1615
8512 6094
8513 1615
8514 1614
8515 5417
8516 1615
8517 11353
8518 1667
8519 1614
8520 8281
8521 1667
8522 6718
8523 1614
8524 1562
8525 5417
8526 1667
8527 7343
8528 1614
8529 1563
8530 5365
8531 1667
8532 7500
8533 2031
8534 1615
8535 9948
8536 1666
8537 1615
8538 5573
8539 1614
8540 5729
8541 1614
8542 1615
8543 5312
8544 1719
8545 5990
8546 1615
8547 1563
8548 6562
8549 1666
8550 5729
8551 1667
8552 1614
8553 9427
8554 1667
8555 17968
8556 1667
8557 1562
8558 7031
8559 1666
8560 6719
8561 1563
8562 1562
8563 6979
8564 1667
8565 6562
8566 1562
8567 1562
8568 5833
8569 1666
8570 5521
8571 1615
8572 1563
8573 5729
8574 1667
8575 1614
8576 6354
8577 1667
8578 6146
8579 1667
8580 1562
8581 6510
8582 1615
8583 5625
8584 1666
8585 1615
8586 5521
8587 1614
8588 5729
8589 2604
8590 1666
8591 6458
8592 1718
8593 11667
8594 1667
8595 1614
8596 7240
8597 1666
8598 7188
8599 1719
8600 1614
8601 5677
8602 1615
8603 6927
8604 1667
8605 1614
8606 6042
8607 1667
8608 1563
8609 5417
8610 1667
8611 5677
8612 1615
8613 1562
8614 6093
8615 1614
8616 6354
8617 1666
8618 1979
8619 6458
8620 1615
8621 6093
8622 1615
8623 1562
8624 6771
8625 1615
8626 6249
8627 1666
8628 1563
8629 5520
8630 2343
8631 12396
8632 1614
8633 1563
8634 7552
8635 1614
8636 7552
8637 1562
8638 1614
8639 9687
8640 1719
8641 6041
8642 1614
8643 2656
8644 5364
8645 1667
8646 1562
8647 6250
8648 1614
8649 5469
8650 1667
8651 1562
8652 5937
8653 1614
8654 17448
8655 1718
8656 1615
8657 6146
8658 1667
8659 6198
8660 1667
8661 1562
8662 7188
8663 1615
8664 5781
8665 1667
8666 1614
8667 5937
8668 1666
8669 11614
8670 1667
8671 1614
8672 7708
8673 1614
8674 6771
8675 1615
8676 1562
8677 5729
8678 1614
8679 6823
8680 1771
8681 1562
8682 6042
8683 5625
8684 1615
8685 5937
8686 1614
8687 7812
8688 1563
8689 1615
8690 5573
8691 1667
8692 7344
8693 1615
8694 1563
8695 6094
8696 1615
8697 5781
8698 1771
8699 1615
8700 6093
8701 1614
8702 6146
8703 1666
8704 1563
8705 5520
8706 1718
8707 12344
8708 1718
8709 1615
8710 5834
8711 1667
8712 6146
8713 1563
8714 1614
8715 5989
8716 1614
8717 5573
8718 1719
8719 1562
8720 6614
8721 1718
8722 1563
8723 10520
8724 1667
8725 5417
8726 1667
8727 1562
8728 7083
8729 1614
8730 5521
8731 1667
8732 1614
8733 6614
8734 1614
8735 5729
8736 1667
8737 1614
8738 5417
8739 1615
8740 6197
8741 1614
8742 1615
8743 5781
8744 1614
8745 12604
8746 1719
8747 1614
8748 5885
8749 1562
8750 5729
8751 1614
8752 1615
8753 7292
8754 1615
8755 1614
8756 7708
8757 1614
8758 8281
8759 1718
8760 1511
8761 5886
8762 1667
8763 5781
8764 1615
8765 1563
8766 5416
8767 1667
8768 7344
8769 1667
8770 1511
8771 5312
8772 1719
8773 8073
8774 1667
8775 1562
8776 5416
8777 1666
8778 5469
8779 1615
8780 1614
8781 5208
8782 1615
8783 12031
8784 1615
8785 1562
8786 5677
8787 1667
8788 6198
8789 1615
8790 1614
8791 6302
8792 1615
8793 1510
8794 8333
8795 1667
8796 7968
8797 1614
8798 1614
8799 6146
8800 1667
8801 6927
8802 1719
8803 1562
8804 5729
8805 1615
8806 9687
8807 1719
8808 1667
8809 6302
8810 1614
8811 5312
8812 1666
8813 1614
8814 16667
8815 1718
8816 6146
8817 1615
8818 1510
8819 6146
8820 1667
8821 11926
8822 1615
8823 1563
8824 8802
8825 1615
8826 5469
8827 1615
8828 1614
8829 7604
8830 2083
8831 1615
8832 11198
8833 1667
8834 5781
8835 1614
8836 1510
8837 7761
8838 1614
8839 5365
8840 1615
8841 1563
8842 7864
8843 1615
8844 8229
8845 1615
8846 1562
8847 5521
8848 2396
8849 5990
8850 1614
8851 1563
8852 5782
8853 1563
8854 5624
8855 1614
8856 1563
8857 5938
8858 1667
8859 13334
8860 1615
8861 1562
8862 7448
8863 1719
8864 1614
8865 6302
8866 1614
8867 5833
8868 1666
8869 1562
8870 6250
8871 1615
8872 5625
8873 1667
8874 2500
8875 6458
8876 1615
8877 5625
8878 1666
8879 1563
8880 6301
8881 1614
8882 7136
8883 1666
8884 1563
8885 6823
8886 1562
8887 6094
8888 1615
8889 1510
8890 12291
8891 1667
8892 7448
8893 1615
8894 1563
8895 6406
8896 1667
8897 11979
8898 1614
8899 1615
8900 6562
8901 2657
8902 1614
8903 8229
8904 1718
8905 7552
8906 1563
8907 1562
8908 5833
8909 1563
8910 7552
8911 1667
8912 1562
8913 6354
8914 1615
8915 5990
8916 1615
8917 1562
8918 6093
8919 1666
8920 6615
8921 2708
8922 1563
8923 5729
8924 1666
8925 6407
8926 1666
8927 1563
8928 6198
8929 1667
8930 6302
8931 1667
8932 1563
8933 5520
8934 1666
8935 12760
8936 1667
8937 1615
8938 8646
8939 1666
8940 1563
8941 7917
8942 1667
8943 5416
8944 1614
8945 1563
8946 7084
8947 1614
8948 5834
8949 1615
8950 1562
8951 5989
8952 1615
8953 5520
8954 1666
8955 1563
8956 6354
8957 1614
8958 6146
8959 1615
8960 1562
8961 5521
8962 1666
8963 6771
8964 1667
8965 1615
8966 6198
8967 1615
8968 5365
8969 1667
8970 1875
8971 5625
8972 1614
8973 27239
8974 1667
8975 1614
8976 8385
8977 1666
8978 1563
8979 6823
8980 6822
8981 7812
8982 1667
8983 1562
8984 7760
8985 1614
8986 8542
8987 1614
8988 1615
8989 5520
8990 1667
8991 6094
8992 1666
8993 1563
8994 8020
8995 1667
8996 21771
8997 1667
8998 1562
8999 6093
9000 2500
9001 6302
9002 1667
9003 1563
9004 6041
9005 1615
9006 5677
9007 1667
9008 1614
9009 5521
9010 1614
9011 1563
9012 12656
9013 1614
9014 7396
9015 1667
9016 1563
9017 5833
9018 1615
9019 6875
9020 1667
9021 1614
9022 6302
9023 1563
9024 5677
9025 1667
9026 1562
9027 6771
9028 1615
9029 5782
9030 1614
9031 1511
9032 7032
9033 1666
9034 5833
9035 1667
9036 1615
9037 5833
9038 1615
9039 6614
9040 1615
9041 1562
9042 6354
9043 1667
9044 6510
9045 1614
9046 1563
9047 5781
9048 1615
9049 1562
9050 11562
9051 1614
9052 9792
9053 1667
9054 1562
9055 7239
9056 1666
9057 10677
9058 1666
9059 1563
9060 5937
9061 1719
9062 6093
9063 3334
9064 1719
9065 7448
9066 3490
9067 6458
9068 1563
9069 1562
9070 6510
9071 1614
9072 6667
9073 1562
9074 1563
9075 6407
9076 1614
9077 5782
9078 1614
9079 1563
9080 6355
9081 1614
9082 13438
9083 1666
9084 1615
9085 5677
9086 1666
9087 1563
9088 6406
9089 1614
9090 5729
9091 1667
9092 2135
9093 6354
9094 1667
9095 6354
9096 1771
9097 1562
9098 5938
9099 1615
9100 5469
9101 1563
9102 1562
9103 27708
9104 1771
9105 10677
9106 1666
9107 1615
9108 6250
9109 1563
9110 6615
9111 1667
9112 1562
9113 5833
9114 1615
9115 6041
9116 1666
9117 1563
9118 6719
9119 1615
9120 1615
9121 28020
9122 1718
9123 6823
9124 1563
9125 1562
9126 5729
9127 1667
9128 16510
9129 1666
9130 1615
9131 7136
9132 1667
9133 8437
9134 1667
9135 1614
9136 5521
9137 1614
9138 5625
9139 1615
9140 1614
9141 10521
9142 1719
9143 5937
9144 1666
9145 1563
9146 5729
9147 1614
9148 5417
9149 1615
9150 1563
9151 5989
9152 1771
9153 5886
9154 1666
9155 1563
9156 5365
9157 2031
9158 1615
9159 11406
9160 1666
9161 7812
9162 1666
9163 1563
9164 5989
9165 1614
9166 5729
9167 1666
9168 1615
9169 6042
9170 1615
9171 5416
9172 1614
9173 1615
9174 7604
9175 1615
9176 5625
9177 1614
9178 1615
9179 6511
9180 1615
9181 5625
9182 1614
9183 1615
9184 5677
9185 1614
9186 5417
9187 1614
9188 1563
9189 5937
9190 1667
9191 6458
9192 1667
9193 1614
9194 6094
9195 1666
9196 1563
9197 12083
9198 1666
9199 5938
9200 1667
9201 1614
9202 8854
9203 1667
9204 7135
9205 1615
9206 1614
9207 5261
9208 1666
9209 7552
9210 1666
9211 1563
9212 5364
9213 1667
9214 7239
9215 1666
9216 1563
9217 5573
9218 1614
9219 5573
9220 1667
9221 1562
9222 5312
9223 1667
9224 9791
9225 1666
9226 1563
9227 5417
9228 2448
9229 5469
9230 1615
9231 1562
9232 5781
9233 1615
9234 1562
9235 12968
9236 1667
9237 7917
9238 1614
9239 1562
9240 5885
9241 1614
9242 5729
9243 1666
9244 1562
9245 5729
9246 1563
9247 6458
9248 1667
9249 1562
9250 5677
9251 1667
9252 6458
9253 1667
9254 1510
9255 6042
9256 1666
9257 5417
9258 1615
9259 1562
9260 5573
9261 1667
9262 5312
9263 1614
9264 1667
9265 5677
9266 1614
9267 1562
9268 7448
9269 1667
9270 6093
9271 1614
9272 1615
9273 28593
9274 1719
9275 6042
9276 1667
9277 1562
9278 5364
9279 1666
9280 6041
9281 1563
9282 1666
9283 6250
9284 1667
9285 5729
9286 1667
9287 1562
9288 16041
9289 1615
9290 5782
9291 1614
9292 1563
9293 5573
9294 1719
9295 5886
9296 1615
9297 1562
9298 5781
9299 1563
9300 5937
9301 1615
9302 1614
9303 5260
9304 1718
9305 1511
9306 5364
9307 1614
9308 10208
9309 1667
9310 1562
9311 11927
9312 1667
9313 7708
9314 1614
9315 1563
9316 5938
9317 1615
9318 7135
9319 1563
9320 1614
9321 5625
9322 1615
9323 6615
9324 1615
9325 1563
9326 5781
9327 2968
9328 5312
9329 1615
9330 1562
9331 5521
9332 1667
9333 5364
9334 1719
9335 1615
9336 6094
9337 1667
9338 6666
9339 1562
9340 1563
9341 6301
9342 1614
9343 1511
9344 5364
9345 1615
9346 5625
9347 1614
9348 1563
9349 11146
9350 1718
9351 5781
9352 1614
9353 1615
9354 6094
9355 1667
9356 6198
9357 1615
9358 1562
9359 7239
9360 1615
9361 6198
9362 1615
9363 1563
9364 8646
9365 1666
9366 7969
9367 2708
9368 1615
9369 5312
9370 1614
9371 6666
9372 1614
9373 1563
9374 5417
9375 1615
9376 1927
9377 7968
9378 1666
9379 5469
9380 1667
9381 1614
9382 6354
9383 1666
9384 5937
9385 1614
9386 1562
9387 13698
9388 1666
9389 7031
9390 1666
9391 1615
9392 9427
9393 1667
9394 5573
9395 1718
9396 1875
9397 6042
9398 1615
9399 6198
9400 1614
9401 1615
9402 5677
9403 1614
9404 6041
9405 1614
9406 1563
9407 26927
9408 1667
9409 10416
9410 1615
9411 1615
9412 5677
9413 1615
9414 1562
9415 5417
9416 1667
9417 5781
9418 1615
9419 1614
9420 6302
9421 1615
9422 6250
9423 1667
9424 1615
9425 31666
9426 1719
9427 6927
9428 1719
9429 1511
9430 5417
9431 1667
9432 5937
9433 1614
9434 1563
9435 5885
9436 1667
9437 6666
9438 1615
9439 1562
9440 7031
9441 1927
9442 6406
9443 1667
9444 1562
9445 6510
9446 1719
9447 17343
9448 1562
9449 1615
9450 5572
9451 1614
9452 1615
9453 5886
9454 1667
9455 5521
9456 1615
9457 1510
9458 6354
9459 1667
9460 5989
9461 3282
9462 1510
9463 12552
9464 1615
9465 7031
9466 1719
9467 1614
9468 6718
9469 1666
9470 5156
9471 1614
9472 1563
9473 5313
9474 1667
9475 11718
9476 1719
9477 2864
9478 5782
9479 1615
9480 5313
9481 1615
9482 1614
9483 6510
9484 1666
9485 5782
9486 1666
9487 1615
9488 6563
9489 1615
9490 1510
9491 5677
9492 1667
9493 6354
9494 1615
9495 1563
9496 6093
9497 1614
9498 7240
9499 1667
9500 1563
9501 14271
9502 1666
9503 6719
9504 1615
9505 1562
9506 6198
9507 1615
9508 6406
9509 1614
9510 1615
9511 5417
9512 1667
9513 6145
9514 1614
9515 1563
9516 5677
9517 1615
9518 5573
9519 1614
9520 1614
9521 5938
9522 1667
9523 1614
9524 5468
9525 1614
9526 6875
9527 1719
9528 1562
9529 6510
9530 1614
9531 5521
9532 1667
9533 1562
9534 6354
9535 1563
9536 5781
9537 1562
9538 1511
9539 14219
9540 1614
9541 6146
9542 1667
9543 1562
9544 6198
9545 1615
9546 5781
9547 1615
9548 1614
9549 5833
9550 1615
9551 5573
9552 1614
9553 1563
9554 5885
9555 1615
9556 6041
9557 1667
9558 21926
9559 16354
9560 1667
9561 1614
9562 5625
9563 1667
9564 6302
9565 1667
9566 1614
9567 6458
9568 1666
9569 6302
9570 1666
9571 1562
9572 5677
9573 1666
9574 29947
9575 1667
9576 1562
9577 12344
9578 1667
9579 7865
9580 1615
9581 1615
9582 6198
9583 1667
9584 5730
9585 1614
9586 1615
9587 5833
9588 1615
9589 6198
9590 1614
9591 1614
9592 5469
9593 1667
9594 5416
9595 1667
9596 2396
9597 5521
9598 1667
9599 1615
9600 6459
9601 1615
9602 5886
9603 1667
9604 1562
9605 6302
9606 1563
9607 19167
9608 1719
9609 1562
9610 6510
9611 1614
9612 5469
9613 1667
9614 1615
9615 11562
9616 1666
9617 5572
9618 1666
9619 1563
9620 5417
9621 1615
9622 5729
9623 1562
9624 1562
9625 6354
9626 1615
9627 7240
9628 1719
9629 1563
9630 8334
9631 1667
9632 1615
9633 5573
9634 1771
9635 6979
9636 1667
9637 1562
9638 6354
9639 1719
9640 6250
9641 1615
9642 1666
9643 10156
9644 1719
9645 6146
9646 1614
9647 1667
9648 6094
9649 1875
9650 5729
9651 1615
9652 1563
9653 11250
9654 1719
9655 6562
9656 1614
9657 1614
9658 5365
9659 1614
9660 6823
9661 1615
9662 1510
9663 5677
9664 1667
9665 6198
9666 2604
9667 1615
9668 5937
9669 1614
9670 1562
9671 5677
9672 1667
9673 5729
9674 1667
9675 1614
9676 6719
9677 1615
9678 6614
9679 1615
9680 1562
9681 5938
9682 1615
9683 5990
9684 1667
9685 1562
9686 5520
9687 2031
9688 6927
9689 1666
9690 1563
9691 12343
9692 1666
9693 7135
9694 1614
9695 1615
9696 5886
9697 1614
9698 7969
9699 1615
9700 1562
9701 6250
9702 1615
9703 7968
9704 1667
9705 1667
9706 46093
9707 1718
9708 1563
9709 10208
9710 1615
9711 7291
9712 1666
9713 1511
9714 6666
9715 1615
9716 6406
9717 1615
9718 6511
9719 30312
9720 1823
9721 6667
9722 1667
9723 1614
9724 6823
9725 2187
9726 11614
9727 1719
9728 1562
9729 14531
9730 1718
9731 8229
9732 1718
9733 1615
9734 7395
9735 1666
9736 8333
9737 1614
9738 1563
9739 6301
9740 1666
9741 7396
9742 1666
9743 1563
9744 14635
9745 1615
9746 1614
9747 7396
9748 2031
9749 6823
9750 1927
9751 1562
9752 7135
9753 1615
9754 6093
9755 1666
9756 1563
9757 8229
9758 1667
9759 12604
9760 1771
9761 1614
9762 6875
9763 1823
9764 6667
9765 2396
9766 1562
9767 27083
9768 2032
9769 9114
9770 1666
9771 1719
9772 6718
9773 1666
9774 5781
9775 1667
9776 1667
9777 6302
9778 1666
9779 1615
9780 5365
9781 1667
9782 6145
9783 1614
9784 1563
9785 5937
9786 1719
9787 6354
9788 1563
9789 1562
9790 5364
9791 1667
9792 5937
9793 1614
9794 1562
9795 5990
9796 1718
9797 5938
9798 1667
9799 1615
9800 13906
9801 1614
9802 6354
9803 1614
9804 1614
9805 13073
9806 1614
9807 6458
9808 1614
9809 1563
9810 20468
9811 1719
9812 8125
9813 1614
9814 1563
9815 5313
9816 1615
9817 1562
9818 5625
9819 1615
9820 5364
9821 1718
9822 1614
9823 6042
9824 1666
9825 5573
9826 1614
9827 1563
9828 5938
9829 1615
9830 5990
9831 1667
9832 1562
9833 10833
9834 1823
9835 6719
9836 1719
9837 1562
9838 5469
9839 1615
9840 5834
9841 1823
9842 1667
9843 17343
9844 1615
9845 7239
9846 1719
9847 1510
9848 5469
9849 1615
9850 9947
9851 1823
9852 1667
9853 5365
9854 1614
9855 1563
9856 5365
9857 1615
9858 5365
9859 1615
9860 1615
9861 5364
9862 2188
9863 5625
9864 1615
9865 1562
9866 5365
9867 1719
9868 5261
9869 1615
9870 1563
9871 5260
9872 1719
9873 6615
9874 1719
9875 1823
9876 5312
9877 1666
9878 11093
9879 3073
9880 1562
9881 6250
9882 1666
9883 5625
9884 1770
9885 1614
9886 7656
9887 1719
9888 1615
9889 5729
9890 1666
9891 6822
9892 1666
9893 1563
9894 24062
9895 2083
9896 5365
9897 1615
9898 1563
9899 5573
9900 1615
9901 5365
9902 1667
9903 1562
9904 5834
9905 1563
9906 5521
9907 1719
9908 1615
9909 5364
9910 1666
9911 5312
9912 1666
9913 1563
9914 14791
9915 1667
9916 6822
9917 1718
9918 1562
9919 5573
9920 1771
9921 21301
9922 1667
9923 1562
9924 5781
9925 1562
9926 1563
9927 7656
9928 1667
9929 5469
9930 1615
9931 1562
9932 5364
9933 1718
9934 5938
9935 1615
9936 1562
9937 5416
9938 1718
9939 5573
9940 1979
9941 1615
9942 7083
9943 1719
9944 5416
9945 1667
9946 1615
9947 262182
9948 3020
9949 10938
9950 1667
9951 1563
9952 15885
9953 1666
9954 5677
9955 1614
9956 1615
9957 5416
9958 1666
9959 5417
9960 1615
9961 1562
9962 6093
9963 1771
9964 1614
9965 5365
9966 1562
9967 7292
9968 1719
9969 1562
9970 5469
9971 1615
9972 5416
9973 1614
9974 1563
9975 5260
9976 1614
9977 28177
9978 1719
9979 1614
9980 5573
9981 1614
9982 5312
9983 1614
9984 1562
9985 5364
9986 1614
9987 5417
9988 1667
9989 1614
9990 12604
9991 1614
9992 5365
9993 1562
9994 1563
9995 5417
9996 1615
9997 5364
9998 1614
9999 1615
