0 141819
1 30832
2 16457
3 16510
4 15833
5 18958
6 18854
7 13437
8 14063
9 14115
10 18749
11 18697
12 13854
13 14218
14 16041
15 18853
16 57238
17 14531
18 14323
19 21197
20 21666
21 13750
22 15989
23 16406
24 18645
25 18438
26 13749
27 15208
28 14271
29 18749
30 18698
31 13750
32 14167
33 14219
34 18541
35 29010
36 15990
37 14219
38 18698
39 18802
40 13802
41 14322
42 14218
43 18541
44 21094
45 50572
46 17239
47 14635
48 47343
49 21093
50 13906
51 17812
52 15104
53 34635
54 31353
55 14583
56 14999
57 19218
58 20989
59 15572
60 14792
61 14635
62 18750
63 47291
64 14635
65 14636
66 14843
67 18958
68 19062
69 14271
70 14739
71 15885
72 19063
73 32135
74 14271
75 60103
76 23281
77 21666
78 39686
79 14947
80 14791
81 20989
82 19114
83 14010
84 14739
85 39218
86 20312
87 19427
88 15729
89 14635
90 14687
91 19895
92 15573
93 15000
94 14791
95 20781
96 21666
97 14791
98 14635
99 14999
