0 6614
1 3645
2 2656
3 1979
4 1927
5 1718
6 1823
7 1563
8 1615
9 1614
10 2291
11 1719
12 1719
13 2344
14 2135
15 2239
16 2031
17 1718
18 2084
19 2083
20 1875
21 1927
22 1927
23 1667
24 1875
25 2292
26 1927
27 1927
28 1823
29 2239
30 1823
31 2291
32 2291
33 1875
34 1927
35 1875
36 2135
37 2292
38 1875
39 2500
40 2135
41 1875
42 2448
43 1875
44 2136
45 2448
46 2291
47 25468
48 2083
49 1979
50 2084
51 2031
52 2031
53 2084
54 2448
55 2500
56 1980
57 2552
58 2709
59 2604
60 2032
61 2344
62 2083
63 2500
64 2448
65 2083
66 2500
67 2135
68 2500
69 2343
70 2292
71 2136
72 2187
73 2135
74 2448
75 2291
76 2084
77 2604
78 2604
79 2083
80 2500
81 2500
82 2604
83 2084
84 2084
85 2708
86 2552
87 2500
88 2864
89 2656
90 2188
91 2969
92 3438
93 2396
94 2135
95 2500
96 2552
97 2395
98 2084
99 2604
100 2813
101 2292
102 2708
103 2344
104 2708
105 2812
106 2500
107 2240
108 2813
109 2604
110 2136
111 2657
112 2500
113 2813
114 2968
115 2239
116 2396
117 2968
118 2813
119 2500
120 2760
121 2813
122 2187
123 2761
124 2240
125 2605
126 2552
127 2657
128 2656
129 2813
130 2447
131 2447
132 2396
133 2448
134 2500
135 2344
136 2344
137 2188
138 3386
139 2188
140 2917
141 2500
142 3177
143 2343
144 2344
145 2396
146 3854
147 3281
148 2448
149 3281
150 3594
151 2865
152 2708
153 2552
154 2447
155 3020
156 3125
157 4843
158 5104
159 5521
160 2604
161 3438
162 2604
163 5573
164 3750
165 2500
166 4062
167 3229
168 3073
169 2865
170 2916
171 4271
172 2709
173 3072
174 6042
175 28281
176 3021
177 3489
178 3385
179 3334
180 3021
181 2968
182 4635
183 2448
184 4115
185 3749
186 3125
187 2865
188 2708
189 2604
190 2761
191 6354
192 2656
193 2344
194 2604
195 4479
196 3385
197 2761
198 4115
199 3229
200 2708
201 3021
202 2864
203 3177
204 2812
205 2864
206 2865
207 3386
208 4114
209 3542
210 2552
211 2656
212 3125
213 2969
214 3386
215 2396
216 2968
217 2396
218 3333
219 3750
220 2865
221 3906
222 2865
223 3854
224 2813
225 3854
226 2448
227 3281
228 4896
229 3229
230 3594
231 2760
232 6563
233 4531
234 4895
235 2864
236 3385
237 5312
238 2656
239 3386
240 3229
241 3489
242 4843
243 4583
244 3281
245 4479
246 2968
247 3177
248 3697
249 3125
250 3229
251 3594
252 4479
253 3542
254 6875
255 3437
256 4271
257 3386
258 4166
259 3907
260 4792
261 4635
262 3489
263 3073
264 3229
265 3125
266 3437
267 2604
268 4895
269 4948
270 4167
271 3438
272 2865
273 3386
274 3073
275 3125
276 3021
277 3229
278 2916
279 2761
280 3646
281 2657
282 3177
283 3020
284 3541
285 2500
286 4115
287 3906
288 3021
289 3229
290 3750
291 5625
292 2760
293 2708
294 3645
295 3281
296 2760
297 2500
298 4375
299 2812
300 2916
301 2605
302 2239
303 7500
304 3542
305 3698
306 2968
307 3281
308 3594
309 3021
310 2708
311 3281
312 3229
313 3125
314 3542
315 3177
316 3021
317 3020
318 3229
319 4635
320 3385
321 3125
322 3229
323 2709
324 3385
325 3229
326 3698
327 2604
328 3021
329 2865
330 2708
331 3229
332 2709
333 3021
334 3177
335 2916
336 2500
337 2708
338 2917
339 2709
340 3333
341 2760
342 3282
343 2656
344 3438
345 4739
346 3281
347 3333
348 3021
349 3385
350 3385
351 2708
352 3438
353 3541
354 2656
355 2656
356 2916
357 3229
358 3489
359 3593
360 3750
361 3124
362 3229
363 2708
364 2813
365 3646
366 2969
367 3281
368 2917
369 2709
370 5468
371 2708
372 3177
373 2604
374 2396
375 2917
376 3437
377 3281
378 4427
379 2813
380 2760
381 2812
382 3125
383 3229
384 2969
385 4584
386 2761
387 4271
388 2656
389 4375
390 3177
391 3177
392 3125
393 2916
394 2760
395 3385
396 3073
397 3386
398 3281
399 2917
400 3229
401 4219
402 3854
403 3229
404 3281
405 3334
406 3334
407 2500
408 3177
409 2968
410 3229
411 3177
412 3385
413 2708
414 2917
415 2553
416 2813
417 2916
418 3385
419 3437
420 4636
421 3229
422 3177
423 3437
424 4167
425 2812
426 3281
427 2709
428 3906
429 3749
430 2708
431 17030
432 4479
433 2552
434 3698
435 3542
436 2656
437 3646
438 3802
439 5573
440 3490
441 3125
442 3750
443 3490
444 3229
445 2708
446 3386
447 4167
448 2760
449 3281
450 4323
451 2917
452 3229
453 4167
454 3490
455 4322
456 3281
457 4584
458 2708
459 2760
460 4948
461 3177
462 3594
463 3020
464 3490
465 2708
466 3542
467 3593
468 3490
469 3646
470 3854
471 3333
472 2813
473 4531
474 3542
475 6562
476 4583
477 3490
478 3489
479 3489
480 2657
481 2865
482 3697
483 4323
484 3073
485 3906
486 2812
487 3437
488 3229
489 3385
490 3229
491 4323
492 4636
493 5000
494 2760
495 3594
496 3386
497 2969
498 2812
499 3125
500 3802
501 3072
502 2604
503 4999
504 3072
505 5000
506 3385
507 3229
508 4948
509 2709
510 4010
511 3281
512 3437
513 2813
514 3177
515 5520
516 3698
517 4322
518 7292
519 3594
520 4895
521 5833
522 5156
523 4271
524 6979
525 6510
526 5729
527 5938
528 4687
529 7135
530 6094
531 6666
532 4844
533 6198
534 5469
535 3855
536 7500
537 4740
538 4427
539 3646
540 6406
541 3281
542 7761
543 6822
544 6562
545 5989
546 5520
547 5416
548 4271
549 4271
550 5521
551 7395
552 4687
553 4167
554 7136
555 7240
556 2917
557 3646
558 4114
559 36874
560 3854
561 2813
562 5104
563 3958
564 5104
565 2709
566 2917
567 2864
568 3750
569 2813
570 3020
571 5208
572 2917
573 4010
574 3958
575 4948
576 2604
577 3698
578 3281
579 3229
580 2969
581 3282
582 5052
583 2656
584 3437
585 3281
586 3281
587 3437
588 5052
589 3698
590 3281
591 3229
592 2917
593 3073
594 3125
595 5104
596 3489
597 2917
598 3177
599 3333
600 3906
601 2969
602 3177
603 3906
604 3229
605 3124
606 2917
607 3489
608 2708
609 3177
610 4427
611 2917
612 2708
613 2968
614 3750
615 2656
616 3020
617 3125
618 2864
619 3177
620 2968
621 3282
622 2865
623 3020
624 2864
625 3229
626 3281
627 3230
628 4166
629 3281
630 4583
631 2864
632 3906
633 3333
634 3542
635 2916
636 3073
637 2760
638 2812
639 3281
640 3541
641 2760
642 3333
643 3177
644 2969
645 3750
646 3334
647 3750
648 3385
649 3229
650 2812
651 3594
652 2917
653 2604
654 2708
655 2865
656 3281
657 3021
658 3021
659 3177
660 2864
661 3386
662 2864
663 3073
664 2709
665 2708
666 3229
667 3282
668 3385
669 3229
670 2812
671 2969
672 3229
673 3281
674 2812
675 3125
676 3281
677 2708
678 2916
679 3073
680 3229
681 3177
682 2656
683 2709
684 3281
685 2500
686 2917
687 18280
688 3125
689 3542
690 3021
691 2656
692 2656
693 2656
694 3229
695 2969
696 2813
697 3073
698 2656
699 3229
700 2916
701 3072
702 3125
703 3282
704 3490
705 3386
706 3281
707 3229
708 2916
709 2865
710 3907
711 3124
712 3385
713 2968
714 3229
715 3073
716 3541
717 3281
718 3333
719 2813
720 3281
721 3802
722 4114
723 3489
724 2968
725 3125
726 3698
727 3698
728 3385
729 3073
730 3125
731 3073
732 3698
733 3281
734 3177
735 2968
736 3125
737 3021
738 2708
739 3802
740 3490
741 3177
742 2864
743 4844
744 3854
745 3698
746 2969
747 3802
748 3229
749 2865
750 3281
751 3333
752 2709
753 2813
754 3073
755 3021
756 3073
757 3542
758 2760
759 3333
760 3698
761 2760
762 2864
763 3489
764 2969
765 3177
766 2916
767 3125
768 3073
769 2865
770 2708
771 3177
772 3021
773 3698
774 3021
775 2917
776 4011
777 2760
778 3385
779 3177
780 2864
781 3281
782 2917
783 3073
784 3124
785 2864
786 3020
787 3229
788 2864
789 2916
790 3489
791 2813
792 2812
793 3437
794 3021
795 3177
796 2761
797 3229
798 3282
799 2813
800 3281
801 3073
802 2917
803 2864
804 2760
805 2864
806 2916
807 2917
808 3021
809 3489
810 3541
811 3177
812 3437
813 3386
814 3020
815 34582
816 2916
817 3385
818 2865
819 2864
820 3125
821 3906
822 3230
823 2709
824 3438
825 3020
826 3020
827 3229
828 3177
829 3490
830 4114
831 3802
832 3802
833 3906
834 3073
835 3646
836 4219
837 5834
838 4167
839 4323
840 5208
841 3697
842 4323
843 5677
844 4010
845 3490
846 4271
847 5000
848 4010
849 3802
850 3750
851 4739
852 3698
853 3229
854 3697
855 5052
856 4011
857 3907
858 3281
859 4218
860 3906
861 3593
862 3541
863 5365
864 3542
865 3542
866 3802
867 4687
868 4583
869 3385
870 4062
871 4062
872 3437
873 3281
874 3281
875 2864
876 3021
877 3489
878 3645
879 3386
880 2969
881 3229
882 3489
883 3594
884 5209
885 2708
886 4270
887 4635
888 3541
889 4531
890 3750
891 3646
892 5000
893 2969
894 4270
895 3959
896 2968
897 5625
898 3750
899 3020
900 3073
901 4740
902 5781
903 3020
904 3229
905 4583
906 3385
907 2813
908 5312
909 4323
910 3177
911 3125
912 3021
913 4583
914 2916
915 5781
916 3750
917 2969
918 3177
919 4166
920 3646
921 4791
922 4219
923 3646
924 5625
925 3541
926 2813
927 4479
928 3542
929 5886
930 3802
931 3438
932 3282
933 4323
934 5208
935 3958
936 4219
937 3594
938 3437
939 2917
940 3750
941 3802
942 3281
943 20885
944 5520
945 4218
946 3698
947 4062
948 3073
949 3698
950 4947
951 3489
952 3489
953 3489
954 3437
955 2917
956 3073
957 4218
958 2917
959 2864
960 3229
961 3646
962 3542
963 2812
964 2761
965 4791
966 3698
967 3489
968 3124
969 3594
970 3750
971 3542
972 5416
973 3281
974 4010
975 3438
976 2865
977 3490
978 3437
979 2812
980 3594
981 3334
982 2865
983 3385
984 3334
985 4010
986 2968
987 3333
988 3125
989 2812
990 3333
991 2917
992 3281
993 3229
994 3281
995 2916
996 4271
997 3229
998 3177
999 3750
