0 136039
1 20885
2 15260
3 14635
4 14218
5 14010
6 14114
7 29999
8 13906
9 42030
10 17083
11 20833
12 14166
13 14478
14 14218
15 19583
16 18802
17 15469
18 14375
19 14739
20 21250
21 43489
22 14531
23 15000
24 15052
25 19010
26 19062
27 52759
28 17447
29 14427
30 19114
31 14010
32 14219
33 14270
34 20156
35 19322
36 14583
37 14635
38 14479
39 20885
40 21042
41 14739
42 14375
43 14687
44 19270
45 18854
46 14062
47 14479
48 14479
49 19114
50 14583
51 14687
52 14427
53 18958
54 24010
55 14114
56 14687
57 14583
58 18854
59 19062
60 14062
61 14583
62 15000
63 44999
64 20104
65 14114
66 14531
67 19167
68 19010
69 14218
70 15000
71 14635
72 19010
73 19479
74 14687
75 16301
76 14687
77 20781
78 20885
79 14166
80 14687
81 14947
82 20104
83 20781
84 14270
85 14635
86 19062
87 19062
88 14167
89 14792
90 14584
91 19062
92 19010
93 14270
94 14687
95 16093
96 19687
97 20364
98 14583
99 15051
100 15260
101 19947
102 19895
103 15729
104 14895
105 48124
106 20000
107 14479
108 14948
109 15364
110 21146
111 20937
112 14687
113 15000
114 15312
115 20312
116 35156
117 14792
118 20208
119 17240
120 24582
121 14843
122 15156
123 15364
124 20312
125 20364
126 14948
127 15729
128 16146
129 19635
130 19895
131 14843
132 15677
133 15416
134 20208
135 23802
136 17187
137 17812
138 16718
139 20208
140 14896
141 15573
142 15781
143 19791
144 20260
145 14895
146 15312
147 19426
148 20207
149 20677
150 14895
151 15416
152 15833
153 19739
154 19791
155 15728
156 15312
157 15729
158 19948
159 14999
160 15989
161 15364
162 20989
163 20416
164 15156
165 15625
166 16145
167 19948
168 20572
169 15156
170 15521
171 16666
172 21719
173 20729
174 15052
175 15677
176 16145
177 20364
178 15365
179 15573
180 15885
181 21562
182 21875
183 15155
184 15729
185 15990
186 21874
187 20468
188 15312
189 18802
190 16197
191 21042
192 20156
193 15833
194 16041
195 32655
196 21614
197 15416
198 16145
199 178642
200 23906
201 21094
202 15312
203 15469
204 15051
205 19896
206 19270
207 14635
208 14844
209 15208
210 19740
211 14792
212 15521
213 15624
214 22760
215 19427
216 14739
217 15103
218 15052
219 20259
220 19843
221 14687
222 15208
223 15208
224 20000
225 19583
226 14531
227 15104
228 19948
229 21354
230 14688
231 15468
232 15468
233 19687
234 19896
235 15781
236 15781
237 16042
238 20833
239 21302
240 15052
241 15676
242 15781
243 20156
244 20416
245 14896
246 15260
247 20572
248 19999
249 14948
250 15781
251 15573
252 21302
253 20312
254 15051
255 15625
256 15833
257 19948
258 20104
259 15052
260 15677
261 15625
262 20521
263 21406
264 15208
265 15937
266 125883
267 24947
268 15000
269 16718
270 18646
271 20833
272 21926
273 15156
274 15677
275 15833
276 20312
277 21197
278 15312
279 15728
280 15729
281 19948
282 21302
283 15208
284 15729
285 20624
286 20521
287 15520
288 15937
289 16875
290 20312
291 20260
292 15468
293 16146
294 15937
295 24948
296 20416
297 15417
298 15885
299 206975
300 24374
301 14635
302 15260
303 15521
304 20208
305 19479
306 14740
307 15104
308 14948
309 43541
310 20103
311 14687
312 15260
313 15416
314 19895
315 19583
316 14583
317 15416
318 20468
319 19583
320 15156
321 15885
322 16667
323 20416
324 21250
325 15156
326 15677
327 15417
328 21979
329 20156
330 14947
331 15521
332 15364
333 20052
334 20364
335 14895
336 15416
337 20364
338 19635
339 14948
340 15208
341 15572
342 22551
343 20312
344 15104
345 15468
346 15677
347 20000
348 19948
349 15781
350 15364
351 18385
352 21250
353 20208
354 15103
355 15989
356 20364
357 20364
358 15156
359 16354
360 15937
361 20364
362 20416
363 15156
364 15468
365 15885
366 20312
367 20728
368 15156
369 15729
370 15833
371 20156
372 15520
373 15781
374 15624
375 20312
376 21042
377 15469
378 16823
379 18228
380 21249
381 22760
382 16145
383 16041
384 16770
385 21510
386 22916
387 15312
388 15885
389 15937
390 21771
391 15677
392 16249
393 19947
394 35780
395 21041
396 15468
397 16354
398 17187
399 167653
400 15208
401 15104
402 19635
403 19322
404 14583
405 15417
406 15104
407 20989
408 14479
409 14895
410 15208
411 24114
412 19739
413 14479
414 15260
415 16458
416 19687
417 19530
418 14687
419 15520
420 16562
421 19896
422 20052
423 14739
424 15260
425 15469
426 19791
427 14792
428 15208
429 15312
430 19583
431 19999
432 14895
433 17708
434 18020
435 19999
436 19844
437 14896
438 15208
439 15104
440 19740
441 20468
442 14947
443 15833
444 20625
445 20312
446 14844
447 15364
448 15364
449 20000
450 20208
451 14895
452 15468
453 15572
454 20989
455 19895
456 15313
457 15625
458 15364
459 19999
460 19896
461 15104
462 15885
463 20364
464 20572
465 15312
466 16458
467 17292
468 23333
469 20780
470 15885
471 16093
472 18437
473 21354
474 33020
475 15521
476 16406
477 15990
478 20521
479 20364
480 15156
481 15781
482 21094
483 20677
484 15260
485 16771
486 16406
487 21041
488 22083
489 16406
490 15833
491 17448
492 24218
493 21822
494 16978
495 17135
496 16146
497 23177
498 16301
499 17708
500 197808
501 16770
502 17968
503 17655
504 25000
505 22240
506 16250
507 17187
508 15573
509 23645
510 22344
511 15416
512 15364
513 16041
514 55572
515 16042
516 16978
517 16458
518 24114
519 22082
520 15729
521 16041
522 15625
523 25624
524 23697
525 16406
526 15625
527 19010
528 25833
529 22968
530 15781
531 18957
532 16771
533 23385
534 15208
535 15833
536 17031
537 26927
538 21615
539 16250
540 15625
541 15990
542 21874
543 24218
544 15312
545 16042
546 16874
547 22031
548 20520
549 15989
550 16510
551 15885
552 20104
553 15364
554 15573
555 16458
556 48072
557 21667
558 15000
559 15676
560 15990
561 21197
562 20260
563 15208
564 15520
565 16771
566 20833
567 20104
568 15364
569 103175
570 24166
571 26770
572 15417
573 16614
574 16094
575 20677
576 20364
577 15104
578 15885
579 15625
580 20364
581 20729
582 15103
583 16145
584 17187
585 20520
586 20625
587 15468
588 15937
589 21093
590 21093
591 17448
592 16145
593 15885
594 21198
595 20728
596 15417
597 15728
598 19635
599 22812
600 23021
601 375200
602 44635
603 24062
604 17552
605 15573
606 21353
607 23541
608 19582
609 20520
610 18229
611 27760
612 26457
613 17291
614 16458
615 20208
616 20572
617 19635
618 17187
619 16927
620 19166
621 29895
622 18385
623 18905
624 20156
625 27447
626 50623
627 21614
628 18176
629 18750
630 24427
631 28072
632 17031
633 22291
634 20104
635 26770
636 26198
637 18802
638 30156
639 23229
640 22708
641 16406
642 17552
643 24427
644 23020
645 20833
646 14791
647 15468
648 15781
649 25885
650 20156
651 17135
652 15468
653 15313
654 21145
655 21562
656 15051
657 15780
658 15729
659 20208
660 15000
661 15521
662 15937
663 20520
664 20885
665 15104
666 15625
667 15677
668 20416
669 21093
670 15156
671 15781
672 15572
673 21979
674 21406
675 15156
676 16301
677 16042
678 21406
679 15261
680 19947
681 16614
682 20260
683 20728
684 16406
685 16094
686 16770
687 20521
688 21041
689 15469
690 16198
691 16198
692 21198
693 20416
694 15469
695 16093
696 20676
697 21197
698 15416
699 15833
700 15780
701 21614
702 193276
703 14688
704 33645
705 19791
706 14687
707 15052
708 14896
709 19739
710 26770
711 16510
712 15208
713 22082
714 20729
715 14635
716 15260
717 15104
718 19427
719 39791
720 14896
721 15000
722 15260
723 19426
724 22551
725 14635
726 15156
727 15521
728 19843
729 19479
730 14687
731 14948
732 19843
733 21666
734 14843
735 15573
736 15312
737 20260
738 19947
739 14635
740 15468
741 15312
742 19947
743 19687
744 14844
745 15208
746 15573
747 20208
748 14947
749 15833
750 15520
751 20104
752 20156
753 15833
754 15417
755 15521
756 20781
757 20208
758 16093
759 17448
760 15572
761 48333
762 20937
763 15208
764 15676
765 16875
766 20676
767 15312
768 15729
769 15677
770 23333
771 20103
772 15312
773 15885
774 15989
775 19999
776 19947
777 15052
778 15625
779 15468
780 31979
781 21562
782 15156
783 15676
784 15885
785 20520
786 15208
787 15677
788 15677
789 20156
790 20052
791 15208
792 15677
793 15625
794 20416
795 20156
796 15312
797 15729
798 15833
799 21302
800 20989
801 15364
802 15624
803 213016
804 15156
805 15156
806 19427
807 19219
808 14323
809 14791
810 15000
811 20260
812 19271
813 14531
814 14947
815 15000
816 19530
817 19427
818 14479
819 15208
820 19895
821 19531
822 14635
823 15260
824 15364
825 19635
826 19479
827 14739
828 15156
829 15208
830 24427
831 21614
832 14895
833 15260
834 15677
835 21510
836 19791
837 14843
838 15468
839 21718
840 19739
841 15052
842 15416
843 15990
844 19895
845 20260
846 14896
847 15781
848 15885
849 19843
850 20052
851 14844
852 15312
853 15729
854 82602
855 21614
856 15052
857 15469
858 19896
859 20000
860 14896
861 16145
862 15364
863 22187
864 20521
865 15104
866 15417
867 15521
868 20051
869 19844
870 14895
871 15520
872 15728
873 20260
874 15208
875 15781
876 15573
877 20052
878 20989
879 14947
880 15781
881 15573
882 21042
883 21198
884 15364
885 16510
886 16041
887 20364
888 20989
889 15364
890 15885
891 15989
892 20208
893 15208
894 15729
895 15885
896 20104
897 20312
898 15208
899 15677
900 15937
901 20417
902 20260
903 15416
904 147132
905 19114
906 14531
907 14843
908 15260
909 19740
910 14583
911 14791
912 14739
913 24687
914 19948
915 14635
916 15313
917 15104
918 21510
919 20729
920 14635
921 14895
922 14895
923 19375
924 37655
925 14792
926 15104
927 15051
928 29947
929 14687
930 15052
931 15104
932 19739
933 19479
934 14479
935 15208
936 14948
937 19531
938 20104
939 14740
940 15052
941 15052
942 19947
943 26041
944 14947
945 15052
946 19687
947 20312
948 14739
949 15260
950 15260
951 19843
952 20937
953 14687
954 15208
955 15313
956 20676
957 19635
958 14896
959 15520
960 15416
961 19948
962 26771
963 15052
964 15468
965 20156
966 25103
967 15208
968 15312
969 15468
970 20312
971 19791
972 14843
973 15313
974 15625
975 19947
976 19843
977 14792
978 15417
979 15833
980 20676
981 26457
982 15260
983 15729
984 21301
985 19843
986 14999
987 15572
988 15676
989 20312
990 20885
991 15052
992 15989
993 15573
994 20103
995 20468
996 15313
997 15781
998 15677
999 20156
