0 6927
1 2813
2 4063
3 1302
4 1666
5 1614
6 1875
7 1355
8 1459
9 1719
10 1823
11 1719
12 1510
13 1823
14 1510
15 1458
16 1511
17 1823
18 1875
19 1875
20 2083
21 1875
22 2135
23 1771
24 3541
25 1979
26 1823
27 1667
28 2031
29 1823
30 1875
31 1719
32 2083
33 1667
34 1666
35 2188
36 1927
37 2292
38 1615
39 2083
40 2500
41 2865
42 1927
43 1823
44 2135
45 1875
46 1823
47 23385
48 3125
49 2448
50 1615
51 2239
52 2187
53 2396
54 2187
55 2188
56 1822
57 2447
58 2605
59 2135
60 1823
61 2239
62 3438
63 2188
64 1875
65 1875
66 2448
67 2187
68 1875
69 1875
70 2187
71 2083
72 2188
73 2188
74 2084
75 1875
76 1875
77 1875
78 2396
79 2031
80 1875
81 1979
82 1875
83 1927
84 1927
85 1927
86 2292
87 2239
88 3386
89 1823
90 2239
91 1979
92 1875
93 2031
94 2604
95 1979
96 2395
97 2760
98 1875
99 2083
100 2656
101 2292
102 2032
103 2448
104 2604
105 2447
106 3177
107 11667
108 2032
109 2187
110 2032
111 2031
112 2396
113 2344
114 2604
115 2136
116 2656
117 2396
118 2291
119 2447
120 2500
121 1979
122 2448
123 2604
124 2448
125 2448
126 1979
127 2708
128 2187
129 2656
130 2396
131 2031
132 2135
133 2031
134 2448
135 2031
136 2657
137 1979
138 2812
139 2396
140 2552
141 2240
142 1979
143 2709
144 2500
145 2448
146 2447
147 2240
148 1979
149 2084
150 2760
151 2083
152 2187
153 2657
154 2083
155 2396
156 2448
157 2187
158 2344
159 2083
160 2812
161 2240
162 2760
163 2291
164 2187
165 2604
166 2656
167 2136
168 2187
169 2500
170 2396
171 2083
172 2500
173 2084
174 2760
175 22447
176 2604
177 2552
178 2188
179 2083
180 2813
181 2657
182 2813
183 2656
184 2396
185 2188
186 2447
187 2240
188 2188
189 2760
190 2239
191 2135
192 2083
193 2552
194 2552
195 1875
196 2552
197 2240
198 2604
199 2083
200 2812
201 2291
202 2240
203 2396
204 2188
205 2760
206 2291
207 2083
208 2396
209 2656
210 2135
211 2291
212 2343
213 2864
214 2084
215 2552
216 2500
217 2709
218 2240
219 2552
220 4115
221 2552
222 2136
223 2188
224 2864
225 2812
226 3489
227 2552
228 2968
229 2656
230 2604
231 3021
232 3177
233 2552
234 2240
235 2761
236 2969
237 2396
238 2343
239 2760
240 2760
241 2657
242 2865
243 4323
244 3698
245 5625
246 2240
247 2031
248 3125
249 3073
250 2500
251 2552
252 3281
253 2604
254 2344
255 2448
256 3437
257 2760
258 2813
259 3020
260 3386
261 2188
262 3542
263 2656
264 5208
265 2448
266 2136
267 2291
268 2291
269 2865
270 4427
271 2343
272 2813
273 3541
274 2656
275 2813
276 2604
277 4427
278 2448
279 4427
280 2917
281 2239
282 4688
283 2084
284 2865
285 3073
286 2969
287 4584
288 4167
289 2188
290 2656
291 3073
292 2343
293 2813
294 2812
295 3177
296 3229
297 2605
298 2500
299 3542
300 2916
301 2812
302 4063
303 13645
304 3438
305 2708
306 2604
307 2656
308 4531
309 5052
310 3073
311 2448
312 3177
313 2500
314 3698
315 3229
316 2500
317 2656
318 2344
319 2448
320 5104
321 3229
322 3073
323 3125
324 3021
325 6042
326 3020
327 3750
328 3177
329 2813
330 2864
331 2916
332 2605
333 2552
334 3333
335 2864
336 4062
337 2500
338 2969
339 4635
340 3490
341 9479
342 3125
343 2760
344 2708
345 2240
346 3854
347 3333
348 3021
349 4427
350 2813
351 3646
352 4427
353 2187
354 3124
355 4687
356 6146
357 5677
358 3854
359 3021
360 5781
361 4948
362 3073
363 4739
364 3125
365 4010
366 3229
367 4167
368 2812
369 3177
370 3594
371 3229
372 4843
373 2916
374 3125
375 2812
376 8593
377 3750
378 2864
379 3229
380 2708
381 2812
382 3281
383 3646
384 3542
385 2604
386 2656
387 2812
388 2552
389 2813
390 4479
391 4688
392 6458
393 3437
394 6250
395 6146
396 4791
397 3541
398 2292
399 2500
400 2552
401 2761
402 16667
403 2448
404 3125
405 2553
406 4427
407 3125
408 2916
409 2500
410 2812
411 4323
412 5052
413 2500
414 3438
415 2813
416 2813
417 2604
418 4583
419 2396
420 2500
421 2552
422 2864
423 2708
424 3490
425 3177
426 3177
427 2396
428 2552
429 2292
430 3073
431 29374
432 3541
433 2604
434 2500
435 3125
436 2813
437 2240
438 2812
439 4895
440 3021
441 2396
442 3385
443 2604
444 2864
445 3073
446 2916
447 3698
448 3385
449 2865
450 3073
451 2812
452 2604
453 2136
454 2188
455 4479
456 3281
457 2604
458 2969
459 2395
460 2396
461 2864
462 2917
463 2969
464 2969
465 2292
466 3073
467 3021
468 2865
469 3489
470 2344
471 2709
472 3073
473 3750
474 2865
475 3125
476 13333
477 3073
478 2500
479 2448
480 2656
481 3125
482 3333
483 2656
484 3802
485 3073
486 2447
487 3802
488 2917
489 2969
490 2552
491 2813
492 2813
493 2917
494 3229
495 2812
496 2812
497 2604
498 2447
499 2656
500 3593
501 3334
502 2761
503 3594
504 2396
505 2916
506 2656
507 2448
508 5052
509 2917
510 2760
511 3177
512 2708
513 3385
514 2448
515 2500
516 3854
517 2604
518 2291
519 3229
520 3282
521 2969
522 2656
523 2604
524 2395
525 2500
526 2812
527 2813
528 3125
529 2864
530 2292
531 3021
532 2812
533 2656
534 2604
535 2552
536 4062
537 2656
538 3021
539 2760
540 2605
541 2657
542 2604
543 2864
544 3907
545 2916
546 3177
547 2552
548 2813
549 3177
550 2605
551 3229
552 3073
553 2656
554 2864
555 3021
556 3124
557 2812
558 2761
559 26614
560 3021
561 3021
562 2969
563 2864
564 2812
565 3177
566 2396
567 2813
568 2969
569 2865
570 3281
571 2969
572 3021
573 2813
574 2968
575 2604
576 2500
577 4531
578 2865
579 2604
580 2708
581 3229
582 3021
583 2396
584 2552
585 2969
586 2292
587 3125
588 2761
589 2657
590 2709
591 2396
592 3229
593 3177
594 2344
595 3125
596 2812
597 3177
598 2969
599 2344
600 3281
601 2761
602 2656
603 2812
604 2917
605 2447
606 2552
607 2604
608 2813
609 2552
610 2500
611 2708
612 2917
613 3385
614 2761
615 4583
616 2657
617 3229
618 2864
619 3750
620 2968
621 3385
622 2604
623 3073
624 2396
625 4114
626 3437
627 2500
628 2448
629 3229
630 4010
631 2239
632 3177
633 5104
634 2448
635 2604
636 4167
637 2708
638 3125
639 3021
640 3021
641 2760
642 3021
643 2500
644 3125
645 3073
646 3698
647 2552
648 3073
649 4219
650 3490
651 3490
652 2813
653 2708
654 2448
655 2969
656 2656
657 2604
658 2448
659 3073
660 2604
661 3489
662 3125
663 3386
664 4375
665 4114
666 2500
667 2396
668 2916
669 3542
670 3125
671 2604
672 3073
673 2708
674 3125
675 2552
676 3125
677 3750
678 3646
679 3073
680 3489
681 2656
682 3125
683 2864
684 3073
685 2656
686 2708
687 26822
688 5990
689 2812
690 3020
691 2604
692 3125
693 3281
694 3698
695 4895
696 3646
697 2813
698 2500
699 3281
700 2968
701 4427
702 3073
703 2761
704 2552
705 3333
706 2604
707 3698
708 2448
709 6823
710 3645
711 3489
712 3490
713 5209
714 3177
715 4011
716 2969
717 5261
718 3750
719 3282
720 3646
721 2448
722 3541
723 3125
724 2656
725 2969
726 2969
727 4583
728 3906
729 3229
730 3125
731 4948
732 2604
733 3125
734 4843
735 2813
736 2865
737 3907
738 2760
739 4115
740 3073
741 3177
742 3125
743 4062
744 5416
745 3073
746 3594
747 3021
748 2448
749 2917
750 2395
751 3177
752 3073
753 3489
754 3177
755 2969
756 2812
757 2865
758 2656
759 3177
760 3020
761 3854
762 3021
763 2812
764 4219
765 2761
766 3646
767 2656
768 3385
769 3281
770 2761
771 3177
772 2916
773 2709
774 3229
775 4947
776 3750
777 6615
778 11979
779 4531
780 4062
781 4688
782 5886
783 3750
784 6093
785 8125
786 4688
787 3438
788 5052
789 5000
790 4323
791 5052
792 8021
793 3073
794 5520
795 5364
796 5937
797 4635
798 4167
799 4896
800 3177
801 3697
802 2865
803 4739
804 3697
805 3802
806 2656
807 3646
808 9948
809 3125
810 5260
811 3073
812 2448
813 2344
814 3177
815 51301
816 3125
817 5364
818 4167
819 3385
820 3177
821 4011
822 4636
823 3073
824 3750
825 3386
826 5208
827 3646
828 3333
829 3177
830 6822
831 4584
832 3385
833 3645
834 4740
835 3541
836 3281
837 3750
838 10469
839 5052
840 3177
841 2552
842 4270
843 5781
844 3177
845 3021
846 4896
847 6562
848 4427
849 3750
850 4271
851 3437
852 3854
853 3490
854 2605
855 3229
856 4375
857 3489
858 3959
859 6406
860 2760
861 3333
862 3906
863 3698
864 2916
865 4375
866 3333
867 4219
868 3489
869 5989
870 4011
871 3698
872 3438
873 2864
874 3490
875 3229
876 5417
877 3281
878 3854
879 3386
880 3230
881 3177
882 3490
883 3021
884 3438
885 3020
886 3437
887 3073
888 4687
889 3386
890 3385
891 4115
892 3490
893 2500
894 3906
895 2969
896 3750
897 3854
898 3281
899 2969
900 3698
901 3334
902 2813
903 3594
904 3437
905 3438
906 3125
907 2812
908 2761
909 2813
910 2864
911 3386
912 3906
913 3020
914 5156
915 3125
916 4010
917 5000
918 2448
919 3385
920 4948
921 7187
922 3281
923 2969
924 3750
925 3854
926 3073
927 3802
928 2969
929 3386
930 6042
931 3698
932 3750
933 3021
934 3750
935 5781
936 4584
937 3594
938 4271
939 3177
940 5573
941 5364
942 2916
943 26510
944 15573
945 2865
946 3750
947 4167
948 6979
949 6406
950 7917
951 5729
952 3229
953 4479
954 4010
955 3802
956 3594
957 3333
958 3542
959 3854
960 2865
961 4427
962 2969
963 4375
964 5208
965 2812
966 3958
967 4219
968 3594
969 4011
970 3386
971 4010
972 3750
973 3073
974 3177
975 4114
976 3646
977 4948
978 5468
979 9218
980 3594
981 4584
982 4531
983 4844
984 6927
985 6666
986 3437
987 3854
988 3593
989 2760
990 3906
991 3281
992 3177
993 3490
994 5416
995 5833
996 3906
997 3021
998 2813
999 6979
1000 3021
1001 4271
1002 4114
1003 2708
1004 3750
1005 5937
1006 3593
1007 2917
1008 2500
1009 6042
1010 3542
1011 4011
1012 3854
1013 3229
1014 4844
1015 4010
1016 2813
1017 3438
1018 5677
1019 5156
1020 5730
1021 3906
1022 3125
1023 3333
1024 2708
1025 4323
1026 3229
1027 2552
1028 3437
1029 2865
1030 3750
1031 3125
1032 3229
1033 3907
1034 3333
1035 4167
1036 4427
1037 3438
1038 5000
1039 3958
1040 5521
1041 3333
1042 2605
1043 3333
1044 3229
1045 4479
1046 4063
1047 2448
1048 3177
1049 4531
1050 3594
1051 3073
1052 2916
1053 4531
1054 7187
1055 4896
1056 6250
1057 3489
1058 3281
1059 3489
1060 4374
1061 2916
1062 3437
1063 5886
1064 6250
1065 3645
1066 3125
1067 5521
1068 2813
1069 3334
1070 4219
1071 34479
1072 5468
1073 3802
1074 3021
1075 3802
1076 4948
1077 3645
1078 2969
1079 3541
1080 7656
1081 4219
1082 6250
1083 5989
1084 4635
1085 4115
1086 3750
1087 3541
1088 2761
1089 4479
1090 6406
1091 2656
1092 5260
1093 4792
1094 3854
1095 4739
1096 5156
1097 5781
1098 6979
1099 4115
1100 4844
1101 4323
1102 5364
1103 4218
1104 6667
1105 4531
1106 3906
1107 8490
1108 6042
1109 7500
1110 6770
1111 7031
1112 8281
1113 5104
1114 4531
1115 5990
1116 3750
1117 5052
1118 6198
1119 6093
1120 3177
1121 3750
1122 4895
1123 4635
1124 5521
1125 5781
1126 3698
1127 6614
1128 6406
1129 7343
1130 7083
1131 8177
1132 3906
1133 7240
1134 6823
1135 9427
1136 5052
1137 6145
1138 4062
1139 5677
1140 5885
1141 4166
1142 6614
1143 4374
1144 6145
1145 4323
1146 5313
1147 3907
1148 3906
1149 3437
1150 4531
1151 5000
1152 3750
1153 3802
1154 10260
1155 4270
1156 5781
1157 5260
1158 5104
1159 4427
1160 3906
1161 3281
1162 3855
1163 3750
1164 3177
1165 3854
1166 3854
1167 2969
1168 3073
1169 3021
1170 4218
1171 3542
1172 3438
1173 3229
1174 3594
1175 3334
1176 3906
1177 3802
1178 3021
1179 5938
1180 3854
1181 2448
1182 3542
1183 3125
1184 4011
1185 2760
1186 3489
1187 3438
1188 3021
1189 3385
1190 3281
1191 3437
1192 3333
1193 3698
1194 3490
1195 4322
1196 3490
1197 5000
1198 4636
1199 25624
1200 5416
1201 6198
1202 2864
1203 2657
1204 3385
1205 3177
1206 4062
1207 4479
1208 4114
1209 3229
1210 2864
1211 2813
1212 2656
1213 3333
1214 3229
1215 5677
1216 3333
1217 2395
1218 4479
1219 3698
1220 2604
1221 3802
1222 2657
1223 3125
1224 4583
1225 3230
1226 3073
1227 4584
1228 3646
1229 2969
1230 3229
1231 2969
1232 3542
1233 2917
1234 2969
1235 3229
1236 2917
1237 3906
1238 3697
1239 3385
1240 4427
1241 2916
1242 3177
1243 4219
1244 3490
1245 3125
1246 2917
1247 3073
1248 3021
1249 3958
1250 3020
1251 3125
1252 3021
1253 2656
1254 4948
1255 2657
1256 3385
1257 4115
1258 2708
1259 3489
1260 3177
1261 2968
1262 3177
1263 4479
1264 3386
1265 2917
1266 3177
1267 3437
1268 3437
1269 3802
1270 3021
1271 2916
1272 5312
1273 3125
1274 2916
1275 3750
1276 2709
1277 3490
1278 2813
1279 2500
1280 3489
1281 3334
1282 4270
1283 3177
1284 3020
1285 3386
1286 3125
1287 2969
1288 3646
1289 2917
1290 3281
1291 3072
1292 3750
1293 3594
1294 3229
1295 2917
1296 2969
1297 2969
1298 4740
1299 3385
1300 3020
1301 4219
1302 3281
1303 2969
1304 3021
1305 3437
1306 2812
1307 2865
1308 3125
1309 6979
1310 3907
1311 3020
1312 3281
1313 3073
1314 2656
1315 3438
1316 3281
1317 2708
1318 2500
1319 4844
1320 3229
1321 3021
1322 3073
1323 2865
1324 3542
1325 2865
1326 2708
1327 10313
1328 2864
1329 3281
1330 2708
1331 3750
1332 2916
1333 3125
1334 2864
1335 3177
1336 3229
1337 2813
1338 2656
1339 2708
1340 2760
1341 3177
1342 3282
1343 3333
1344 3073
1345 2708
1346 2864
1347 2500
1348 2708
1349 2969
1350 2448
1351 3333
1352 2761
1353 3021
1354 5833
1355 3697
1356 3020
1357 2708
1358 3073
1359 3021
1360 3124
1361 2448
1362 3073
1363 3073
1364 3437
1365 2917
1366 2708
1367 3333
1368 3334
1369 4167
1370 2708
1371 3073
1372 3854
1373 3177
1374 2917
1375 3072
1376 2969
1377 2552
1378 2656
1379 2812
1380 3281
1381 3229
1382 2969
1383 3125
1384 3021
1385 3072
1386 3229
1387 3594
1388 3281
1389 2656
1390 3125
1391 2864
1392 3698
1393 3437
1394 2708
1395 3177
1396 3802
1397 2917
1398 3125
1399 3334
1400 3750
1401 3385
1402 2969
1403 3541
1404 3020
1405 3385
1406 2917
1407 3593
1408 3125
1409 3281
1410 2500
1411 2969
1412 2395
1413 3020
1414 3385
1415 2657
1416 3541
1417 3646
1418 2969
1419 3333
1420 3073
1421 3437
1422 3437
1423 2968
1424 3750
1425 3750
1426 3021
1427 2917
1428 3802
1429 3542
1430 3333
1431 3334
1432 5104
1433 2864
1434 3490
1435 3334
1436 3020
1437 2864
1438 2604
1439 3125
1440 3437
1441 3385
1442 2760
1443 3697
1444 2448
1445 3750
1446 4479
1447 3020
1448 3281
1449 2656
1450 2865
1451 2604
1452 3541
1453 2812
1454 2969
1455 13124
1456 4062
1457 2968
1458 3073
1459 2865
1460 3490
1461 3334
1462 4114
1463 2813
1464 2969
1465 3906
1466 2813
1467 3229
1468 3593
1469 3385
1470 5417
1471 2916
1472 3593
1473 3437
1474 3073
1475 2917
1476 3646
1477 3177
1478 3334
1479 3229
1480 4063
1481 3802
1482 3334
1483 2709
1484 3125
1485 3282
1486 3333
1487 3125
1488 3230
1489 3334
1490 2761
1491 2969
1492 3489
1493 2917
1494 2708
1495 2865
1496 3282
1497 3020
1498 3230
1499 2917
1500 2813
1501 2656
1502 3021
1503 3125
1504 2656
1505 3438
1506 2604
1507 5833
1508 2916
1509 3750
1510 2865
1511 3385
1512 3385
1513 3489
1514 3282
1515 3437
1516 3021
1517 2969
1518 3490
1519 3021
1520 3334
1521 2708
1522 3437
1523 3386
1524 3750
1525 3802
1526 3334
1527 3333
1528 3229
1529 2917
1530 3959
1531 3854
1532 3021
1533 3125
1534 3125
1535 3750
1536 3541
1537 3281
1538 3541
1539 5364
1540 3594
1541 4011
1542 5886
1543 4011
1544 3854
1545 3490
1546 4791
1547 3073
1548 4323
1549 7709
1550 3750
1551 2813
1552 4687
1553 3542
1554 2864
1555 3541
1556 4010
1557 5833
1558 3542
1559 5000
1560 3802
1561 3490
1562 5989
1563 2969
1564 4427
1565 5833
1566 3698
1567 3645
1568 3333
1569 3593
1570 2969
1571 4166
1572 4791
1573 3698
1574 4531
1575 4166
1576 3542
1577 5521
1578 3750
1579 3177
1580 3542
1581 5260
1582 2864
1583 28593
1584 9323
1585 3541
1586 4896
1587 2969
1588 3229
1589 3854
1590 4323
1591 3958
1592 5417
1593 3333
1594 4792
1595 4270
1596 5886
1597 3281
1598 3854
1599 4167
1600 4896
1601 3854
1602 3594
1603 3646
1604 2865
1605 4375
1606 4322
1607 4531
1608 3906
1609 3594
1610 4219
1611 5104
1612 3386
1613 3020
1614 4583
1615 7551
1616 3073
1617 3489
1618 3073
1619 3541
1620 2864
1621 3490
1622 6666
1623 4947
1624 6198
1625 6041
1626 3594
1627 3854
1628 6042
1629 4583
1630 4896
1631 4218
1632 3490
1633 3750
1634 4791
1635 7084
1636 4219
1637 3697
1638 2969
1639 6250
1640 4375
1641 3958
1642 3802
1643 5104
1644 4532
1645 3698
1646 3542
1647 4948
1648 5833
1649 5469
1650 5156
1651 3542
1652 4115
1653 3906
1654 4271
1655 4115
1656 3802
1657 4011
1658 3906
1659 3281
1660 3698
1661 3385
1662 3802
1663 5677
1664 3854
1665 4270
1666 4270
1667 3229
1668 3021
1669 3958
1670 2864
1671 3698
1672 4010
1673 3489
1674 3021
1675 4635
1676 3125
1677 3021
1678 3073
1679 3125
1680 3958
1681 3906
1682 3750
1683 5365
1684 3854
1685 4531
1686 4583
1687 3073
1688 6407
1689 3125
1690 3854
1691 3697
1692 3438
1693 3802
1694 4479
1695 3437
1696 4687
1697 3229
1698 4271
1699 3385
1700 4687
1701 3073
1702 4011
1703 3646
1704 3437
1705 3906
1706 4687
1707 3542
1708 3802
1709 3229
1710 3281
1711 45416
1712 3959
1713 4271
1714 4635
1715 3541
1716 3334
1717 3333
1718 4531
1719 3854
1720 3438
1721 5417
1722 5729
1723 4010
1724 3281
1725 4635
1726 4011
1727 3438
1728 3385
1729 6302
1730 5156
1731 5624
1732 4322
1733 5313
1734 3645
1735 4375
1736 4532
1737 3854
1738 5052
1739 6354
1740 7448
1741 5417
1742 3541
1743 4688
1744 3802
1745 6302
1746 4374
1747 3750
1748 6406
1749 3854
1750 3750
1751 4636
1752 5260
1753 5260
1754 4688
1755 5625
1756 4271
1757 3854
1758 11563
1759 4479
1760 4792
1761 3594
1762 7760
1763 5677
1764 4323
1765 4583
1766 4011
1767 5365
1768 3750
1769 4115
1770 20103
1771 5573
1772 6406
1773 6667
1774 7917
1775 5625
1776 6822
1777 6562
1778 6822
1779 6145
1780 7500
1781 7135
1782 7396
1783 8490
1784 7656
1785 4739
1786 6875
1787 9635
1788 5469
1789 5156
1790 5990
1791 7551
1792 7500
1793 9271
1794 5468
1795 8594
1796 5625
1797 6197
1798 3125
1799 5885
1800 3907
1801 5885
1802 5417
1803 4947
1804 6042
1805 5156
1806 5260
1807 7083
1808 5989
1809 5833
1810 6771
1811 6093
1812 5208
1813 6406
1814 6042
1815 6406
1816 6145
1817 5521
1818 4166
1819 4322
1820 8437
1821 4219
1822 6301
1823 6614
1824 5990
1825 4791
1826 6094
1827 5677
1828 6927
1829 3385
1830 3645
1831 4531
1832 5156
1833 7031
1834 4375
1835 4791
1836 4843
1837 6719
1838 6302
1839 70103
1840 12344
1841 13750
1842 5260
1843 5990
1844 8229
1845 13542
1846 6041
1847 5937
1848 10364
1849 8854
1850 5156
1851 5677
1852 7968
1853 4636
1854 5938
1855 7136
1856 5104
1857 4896
1858 4583
1859 3958
1860 3750
1861 4218
1862 3750
1863 4114
1864 4687
1865 5209
1866 3958
1867 5208
1868 4843
1869 2968
1870 3854
1871 4062
1872 4739
1873 2969
1874 4844
1875 3697
1876 4167
1877 3645
1878 6302
1879 5209
1880 4010
1881 3489
1882 4583
1883 5209
1884 3490
1885 141924
1886 3959
1887 3594
1888 4375
1889 4687
1890 4114
1891 4219
1892 3541
1893 4115
1894 4375
1895 4948
1896 5052
1897 3802
1898 3802
1899 4062
1900 3646
1901 4323
1902 3854
1903 3802
1904 3594
1905 3542
1906 4531
1907 4167
1908 4323
1909 5312
1910 2969
1911 6041
1912 7083
1913 3750
1914 3020
1915 4167
1916 5885
1917 4687
1918 2969
1919 4271
1920 3489
1921 3438
1922 3750
1923 4895
1924 3959
1925 5677
1926 3645
1927 4062
1928 5573
1929 4062
1930 3646
1931 3906
1932 5990
1933 6302
1934 3802
1935 5052
1936 4636
1937 2917
1938 5260
1939 4583
1940 4843
1941 3855
1942 7291
1943 5156
1944 4219
1945 5885
1946 5938
1947 7552
1948 4114
1949 5156
1950 7656
1951 7864
1952 4062
1953 6250
1954 5312
1955 4843
1956 4636
1957 4635
1958 3646
1959 6093
1960 7656
1961 7760
1962 6666
1963 4219
1964 6406
1965 6458
1966 6875
1967 48281
1968 8646
1969 5469
1970 6875
1971 5989
1972 3490
1973 6041
1974 6719
1975 3698
1976 4114
1977 10938
1978 4947
1979 6927
1980 3490
1981 4791
1982 4115
1983 4791
1984 3385
1985 3020
1986 3125
1987 3542
1988 3802
1989 4948
1990 4635
1991 3855
1992 3334
1993 5468
1994 4323
1995 4063
1996 3177
1997 6198
1998 3646
1999 3750
2000 4479
2001 3281
2002 3020
2003 4896
2004 2656
2005 3802
2006 4531
2007 3645
2008 3177
2009 3334
2010 3802
2011 3750
2012 3334
2013 4271
2014 3490
2015 3802
2016 4271
2017 3594
2018 4219
2019 3072
2020 4011
2021 4531
2022 3906
2023 2812
2024 3177
2025 4271
2026 3594
2027 3438
2028 3802
2029 3178
2030 3802
2031 3646
2032 3020
2033 3125
2034 3802
2035 3334
2036 3645
2037 3385
2038 3490
2039 4375
2040 3594
2041 3333
2042 5104
2043 3854
2044 3124
2045 3802
2046 3021
2047 3646
2048 2865
2049 3333
2050 2917
2051 4688
2052 3541
2053 3333
2054 4635
2055 3698
2056 3645
2057 3229
2058 4271
2059 4270
2060 3177
2061 4323
2062 3334
2063 2917
2064 3907
2065 3906
2066 2708
2067 3282
2068 3281
2069 4323
2070 2865
2071 2864
2072 3854
2073 3437
2074 3386
2075 3802
2076 3593
2077 3802
2078 2812
2079 2917
2080 3334
2081 4219
2082 4739
2083 3334
2084 3958
2085 3177
2086 3386
2087 3125
2088 4166
2089 3593
2090 3489
2091 3698
2092 4636
2093 3490
2094 3906
2095 16094
2096 5104
2097 3958
2098 3542
2099 2864
2100 2812
2101 3542
2102 3959
2103 3906
2104 2813
2105 3177
2106 2812
2107 3177
2108 5885
2109 2813
2110 3333
2111 4583
2112 3386
2113 3073
2114 3281
2115 4115
2116 3646
2117 3229
2118 3072
2119 3021
2120 3593
2121 3177
2122 2864
2123 3021
2124 4219
2125 3125
2126 4166
2127 3385
2128 4062
2129 3125
2130 2916
2131 3698
2132 3021
2133 3021
2134 2657
2135 3438
2136 3229
2137 3906
2138 3594
2139 3073
2140 4166
2141 3334
2142 3958
2143 3073
2144 3281
2145 3438
2146 2813
2147 2917
2148 3229
2149 4271
2150 2865
2151 3698
2152 3177
2153 3802
2154 3333
2155 3854
2156 5209
2157 3021
2158 3698
2159 3802
2160 3490
2161 3906
2162 4219
2163 5834
2164 3437
2165 2968
2166 3594
2167 3281
2168 4583
2169 3437
2170 3698
2171 5833
2172 3959
2173 3698
2174 2968
2175 4218
2176 3594
2177 5104
2178 3594
2179 3698
2180 3541
2181 2813
2182 3958
2183 3072
2184 3906
2185 3750
2186 3021
2187 4167
2188 2917
2189 4375
2190 3646
2191 4167
2192 3021
2193 3385
2194 3594
2195 3386
2196 3646
2197 3073
2198 4427
2199 3281
2200 3854
2201 3594
2202 3645
2203 3854
2204 3542
2205 3750
2206 2812
2207 3229
2208 3438
2209 3229
2210 3437
2211 4427
2212 3385
2213 3907
2214 3646
2215 3542
2216 3490
2217 3073
2218 3438
2219 3229
2220 3073
2221 3073
2222 3802
2223 19948
2224 3073
2225 3073
2226 4375
2227 3698
2228 2864
2229 3958
2230 3802
2231 2865
2232 4896
2233 3072
2234 2760
2235 4271
2236 3854
2237 3177
2238 3125
2239 3750
2240 3125
2241 2917
2242 4114
2243 3541
2244 4948
2245 4427
2246 7344
2247 2969
2248 3594
2249 3437
2250 4739
2251 3073
2252 4063
2253 4948
2254 2969
2255 3594
2256 4063
2257 3333
2258 3438
2259 3021
2260 5625
2261 3593
2262 3281
2263 4583
2264 3489
2265 3646
2266 4218
2267 3750
2268 3802
2269 3437
2270 3489
2271 3385
2272 3333
2273 3437
2274 3750
2275 3021
2276 3958
2277 3907
2278 3282
2279 3073
2280 2968
2281 4635
2282 3021
2283 2917
2284 3438
2285 4896
2286 3594
2287 4219
2288 2760
2289 3177
2290 3594
2291 3698
2292 3802
2293 3958
2294 3073
2295 4688
2296 4114
2297 3698
2298 3281
2299 3489
2300 3958
2301 3125
2302 3281
2303 3021
2304 3072
2305 3281
2306 3438
2307 4323
2308 3333
2309 3594
2310 5000
2311 3907
2312 4010
2313 3438
2314 3385
2315 3645
2316 3959
2317 3645
2318 3490
2319 2916
2320 3906
2321 3073
2322 3281
2323 3073
2324 3282
2325 3541
2326 2708
2327 5677
2328 3438
2329 3385
2330 3229
2331 3073
2332 2865
2333 3281
2334 3386
2335 4687
2336 2917
2337 3385
2338 3021
2339 2812
2340 3802
2341 3229
2342 4375
2343 3385
2344 3125
2345 2657
2346 3802
2347 3594
2348 4739
2349 3125
2350 3802
2351 16093
2352 3750
2353 3594
2354 4011
2355 3020
2356 3490
2357 3489
2358 4375
2359 2917
2360 4843
2361 2708
2362 4531
2363 3073
2364 3385
2365 2969
2366 3177
2367 3385
2368 2865
2369 3021
2370 4115
2371 4427
2372 3646
2373 3230
2374 4427
2375 3646
2376 4011
2377 2813
2378 3594
2379 3698
2380 4427
2381 3541
2382 3594
2383 3802
2384 2917
2385 3020
2386 3906
2387 3229
2388 3333
2389 4999
2390 2760
2391 3281
2392 4323
2393 3333
2394 2916
2395 4270
2396 3542
2397 3333
2398 2864
2399 4584
2400 3177
2401 2916
2402 3906
2403 3958
2404 2917
2405 3906
2406 3333
2407 4062
2408 3386
2409 3489
2410 4271
2411 3021
2412 4114
2413 3073
2414 3124
2415 4375
2416 3230
2417 2657
2418 3697
2419 3854
2420 3334
2421 3177
2422 3229
2423 3177
2424 4063
2425 3385
2426 2813
2427 3646
2428 3281
2429 3177
2430 3229
2431 2708
2432 3021
2433 3542
2434 3749
2435 3229
2436 3750
2437 3333
2438 3594
2439 3437
2440 3021
2441 2917
2442 3125
2443 5000
2444 3021
2445 3021
2446 3750
2447 3438
2448 2917
2449 2864
2450 3542
2451 3697
2452 3594
2453 3229
2454 3438
2455 4635
2456 3333
2457 3489
2458 2813
2459 3125
2460 3646
2461 3177
2462 3802
2463 3698
2464 3437
2465 3021
2466 3750
2467 2865
2468 3073
2469 2917
2470 3698
2471 3594
2472 3802
2473 2812
2474 2813
2475 3489
2476 2760
2477 2812
2478 20416
2479 9011
2480 3125
2481 3021
2482 3385
2483 3229
2484 3594
2485 3125
2486 2969
2487 2916
2488 3438
2489 3541
2490 3698
2491 3124
2492 2916
2493 3802
2494 3333
2495 4062
2496 3385
2497 3906
2498 3333
2499 2917
2500 2865
2501 3334
2502 3073
2503 3958
2504 3489
2505 2917
2506 3750
2507 3177
2508 3438
2509 3958
2510 3177
2511 3333
2512 3438
2513 3177
2514 3490
2515 4062
2516 2969
2517 3125
2518 2969
2519 3281
2520 3229
2521 2969
2522 3645
2523 2864
2524 4219
2525 4062
2526 3593
2527 3177
2528 3750
2529 2969
2530 2969
2531 2813
2532 3021
2533 2864
2534 3230
2535 2812
2536 3073
2537 3541
2538 3645
2539 2812
2540 3229
2541 3073
2542 2812
2543 2604
2544 3125
2545 2969
2546 3906
2547 3177
2548 3594
2549 4218
2550 3072
2551 2813
2552 3437
2553 3593
2554 2656
2555 3906
2556 3541
2557 3073
2558 3698
2559 3593
2560 3698
2561 3490
2562 3489
2563 3282
2564 2917
2565 3854
2566 2865
2567 4062
2568 4427
2569 3177
2570 2916
2571 3646
2572 2968
2573 3594
2574 2812
2575 3282
2576 3229
2577 3125
2578 3125
2579 3282
2580 3438
2581 3333
2582 3021
2583 3385
2584 3646
2585 3177
2586 3281
2587 3385
2588 3073
2589 3593
2590 3020
2591 3437
2592 2969
2593 3438
2594 2917
2595 3230
2596 2656
2597 3437
2598 3281
2599 6406
2600 3594
2601 2865
2602 3333
2603 3802
2604 2656
2605 3490
2606 3750
2607 24114
2608 4375
2609 3437
2610 3177
2611 3125
2612 2865
2613 3072
2614 2709
2615 3125
2616 3698
2617 2864
2618 2864
2619 3281
2620 4166
2621 3333
2622 4115
2623 3646
2624 3437
2625 3489
2626 3594
2627 3124
2628 4531
2629 3958
2630 3073
2631 3750
2632 3855
2633 4114
2634 6614
2635 3281
2636 2917
2637 2604
2638 4583
2639 2812
2640 3072
2641 3594
2642 3698
2643 3385
2644 3802
2645 2865
2646 3125
2647 3333
2648 3385
2649 4375
2650 3646
2651 3333
2652 3021
2653 3177
2654 3334
2655 3907
2656 3541
2657 2865
2658 4167
2659 3020
2660 3438
2661 3437
2662 3177
2663 3072
2664 3281
2665 3802
2666 3230
2667 4219
2668 3177
2669 2812
2670 3177
2671 3072
2672 3020
2673 8125
2674 2760
2675 3646
2676 3594
2677 2865
2678 3333
2679 3281
2680 3749
2681 3906
2682 3125
2683 3230
2684 2916
2685 3906
2686 2813
2687 3073
2688 2812
2689 3489
2690 3646
2691 3125
2692 4323
2693 3594
2694 3073
2695 2917
2696 3907
2697 3021
2698 2656
2699 3438
2700 3489
2701 3698
2702 3698
2703 2917
2704 2916
2705 2813
2706 3125
2707 3542
2708 2864
2709 3229
2710 3229
2711 3645
2712 3802
2713 3594
2714 3333
2715 3542
2716 4011
2717 3073
2718 3385
2719 3229
2720 4115
2721 3489
2722 3750
2723 3177
2724 4219
2725 3229
2726 3021
2727 4010
2728 3593
2729 3125
2730 3177
2731 3281
2732 3282
2733 3020
2734 3385
2735 11146
2736 3594
2737 2813
2738 2917
2739 3334
2740 3646
2741 3594
2742 4218
2743 2917
2744 3177
2745 3333
2746 3489
2747 4010
2748 3177
2749 3125
2750 2968
2751 3541
2752 3386
2753 2865
2754 3594
2755 3333
2756 3021
2757 2917
2758 3646
2759 2709
2760 3281
2761 4062
2762 3854
2763 3490
2764 3594
2765 4427
2766 3802
2767 4062
2768 3229
2769 3594
2770 3542
2771 3073
2772 3386
2773 3854
2774 3334
2775 3333
2776 3489
2777 3281
2778 4636
2779 3386
2780 3594
2781 3854
2782 3593
2783 2865
2784 4479
2785 3802
2786 3125
2787 3750
2788 3333
2789 4063
2790 2969
2791 4167
2792 3594
2793 3437
2794 3125
2795 4114
2796 3750
2797 2968
2798 3854
2799 3594
2800 3958
2801 3802
2802 3229
2803 3698
2804 3698
2805 3542
2806 3125
2807 3802
2808 3749
2809 2917
2810 3802
2811 3282
2812 3489
2813 3333
2814 3490
2815 3959
2816 3281
2817 3437
2818 2813
2819 3229
2820 2761
2821 3125
2822 5104
2823 3490
2824 3073
2825 3177
2826 2917
2827 3073
2828 3958
2829 3021
2830 2969
2831 3073
2832 3124
2833 3698
2834 7656
2835 3281
2836 3281
2837 3021
2838 3489
2839 2969
2840 3177
2841 3333
2842 3021
2843 3073
2844 3646
2845 3021
2846 3333
2847 5208
2848 3333
2849 3073
2850 3437
2851 3906
2852 3542
2853 4948
2854 3646
2855 3385
2856 3229
2857 3385
2858 3802
2859 3854
2860 2761
2861 3334
2862 3177
2863 12083
2864 3646
2865 3021
2866 3229
2867 3125
2868 3438
2869 3594
2870 3124
2871 4062
2872 3021
2873 3333
2874 3593
2875 3021
2876 3750
2877 2968
2878 3125
2879 3333
2880 3125
2881 2969
2882 3438
2883 3333
2884 3124
2885 3072
2886 3594
2887 3073
2888 3073
2889 3229
2890 3021
2891 3125
2892 2916
2893 3021
2894 2917
2895 3281
2896 3490
2897 3907
2898 3698
2899 2864
2900 3906
2901 3490
2902 2969
2903 3229
2904 4375
2905 3385
2906 2969
2907 3959
2908 3698
2909 3490
2910 3489
2911 3073
2912 3229
2913 3177
2914 3490
2915 4167
2916 3437
2917 2812
2918 4323
2919 2760
2920 3490
2921 3958
2922 3437
2923 2969
2924 4115
2925 3385
2926 4063
2927 2865
2928 3645
2929 3698
2930 3125
2931 3281
2932 2865
2933 3750
2934 3229
2935 2968
2936 3541
2937 3073
2938 2812
2939 2865
2940 3125
2941 2917
2942 3073
2943 3385
2944 3593
2945 3802
2946 3490
2947 3750
2948 3281
2949 3021
2950 3020
2951 3073
2952 3333
2953 3333
2954 3125
2955 3229
2956 3333
2957 2969
2958 3229
2959 3749
2960 4479
2961 3073
2962 3333
2963 3594
2964 3646
2965 3646
2966 3437
2967 3020
2968 3385
2969 3385
2970 3281
2971 3489
2972 3281
2973 3177
2974 3593
2975 4584
2976 3385
2977 3542
2978 4323
2979 3073
2980 2813
2981 3073
2982 3698
2983 3020
2984 4114
2985 3020
2986 3542
2987 4114
2988 3334
2989 3385
2990 3541
2991 9427
2992 3907
2993 3020
2994 4375
2995 3698
2996 2812
2997 3333
2998 3490
2999 3438
3000 3281
3001 2968
3002 4010
3003 3541
3004 3021
3005 2916
3006 3177
3007 3802
3008 3854
3009 4115
3010 3021
3011 3073
3012 3594
3013 3125
3014 4322
3015 4062
3016 3489
3017 4010
3018 3646
3019 3489
3020 4010
3021 2917
3022 2917
3023 3490
3024 3334
3025 3177
3026 2708
3027 3490
3028 3333
3029 4167
3030 3385
3031 2813
3032 3333
3033 4739
3034 3750
3035 3333
3036 2812
3037 3177
3038 3490
3039 4583
3040 2865
3041 3594
3042 3646
3043 3854
3044 2865
3045 3802
3046 3646
3047 3437
3048 3802
3049 3645
3050 3229
3051 3125
3052 3854
3053 3281
3054 3802
3055 3698
3056 2969
3057 3072
3058 3698
3059 3385
3060 3177
3061 3646
3062 4271
3063 3073
3064 3750
3065 4114
3066 3177
3067 3229
3068 3489
3069 8125
3070 3021
3071 3958
3072 4166
3073 3438
3074 3802
3075 3697
3076 3437
3077 3021
3078 4062
3079 4063
3080 3593
3081 4011
3082 3333
3083 3906
3084 3802
3085 3593
3086 3229
3087 3333
3088 3490
3089 2969
3090 3854
3091 3177
3092 3541
3093 4636
3094 3385
3095 3125
3096 3490
3097 3385
3098 3438
3099 4375
3100 4948
3101 3020
3102 3385
3103 4948
3104 3750
3105 3593
3106 3646
3107 4167
3108 3073
3109 3229
3110 2656
3111 2916
3112 3073
3113 4271
3114 3385
3115 2656
3116 3490
3117 2865
3118 3073
3119 9740
3120 3645
3121 3750
3122 3802
3123 3229
3124 3333
3125 3645
3126 3386
3127 3125
3128 4062
3129 3490
3130 3072
3131 3907
3132 3594
3133 4271
3134 3490
3135 3073
3136 3749
3137 3802
3138 2708
3139 2761
3140 2864
3141 3489
3142 3855
3143 3333
3144 3750
3145 3594
3146 2812
3147 3281
3148 3125
3149 3282
3150 2865
3151 2813
3152 3333
3153 3177
3154 3594
3155 3021
3156 3386
3157 3645
3158 3489
3159 3229
3160 3854
3161 3438
3162 3541
3163 3177
3164 3333
3165 3281
3166 3073
3167 3698
3168 2917
3169 3281
3170 2969
3171 3125
3172 3750
3173 3437
3174 3438
3175 3750
3176 3177
3177 4011
3178 3177
3179 3282
3180 3334
3181 3489
3182 3438
3183 3125
3184 3437
3185 4166
3186 3333
3187 3333
3188 2917
3189 4062
3190 3593
3191 2917
3192 3229
3193 3542
3194 3490
3195 3334
3196 3073
3197 3230
3198 3489
3199 3437
3200 3073
3201 3437
3202 3437
3203 4583
3204 3281
3205 3542
3206 3438
3207 3072
3208 3593
3209 3334
3210 3854
3211 3697
3212 4219
3213 3333
3214 3490
3215 3489
3216 2917
3217 3437
3218 3802
3219 3438
3220 3386
3221 4166
3222 3333
3223 3489
3224 4166
3225 3385
3226 3333
3227 2968
3228 3073
3229 4166
3230 2969
3231 4167
3232 3698
3233 3177
3234 3281
3235 3437
3236 3385
3237 4115
3238 3281
3239 3177
3240 3698
3241 3490
3242 3386
3243 3802
3244 3698
3245 3177
3246 3125
3247 9583
3248 3698
3249 3490
3250 3593
3251 3437
3252 3125
3253 3177
3254 3593
3255 3021
3256 4062
3257 3594
3258 3281
3259 4167
3260 3229
3261 3281
3262 3073
3263 3490
3264 3906
3265 3489
3266 3594
3267 3282
3268 3073
3269 4271
3270 3073
3271 3855
3272 4062
3273 3385
3274 3230
3275 2917
3276 6146
3277 3333
3278 3125
3279 3333
3280 2968
3281 3386
3282 4062
3283 3229
3284 2865
3285 2917
3286 3385
3287 2968
3288 5104
3289 4375
3290 3333
3291 3489
3292 2864
3293 3125
3294 5208
3295 3073
3296 3386
3297 3645
3298 2865
3299 3177
3300 3177
3301 3333
3302 2916
3303 2916
3304 3594
3305 3020
3306 2969
3307 3281
3308 3229
3309 3437
3310 3021
3311 3490
3312 3125
3313 3542
3314 3073
3315 3490
3316 3646
3317 2969
3318 3386
3319 3698
3320 3594
3321 3073
3322 2968
3323 3541
3324 3021
3325 3282
3326 3229
3327 3541
3328 2968
3329 2813
3330 4739
3331 2969
3332 3646
3333 3333
3334 4062
3335 2708
3336 4583
3337 3177
3338 3594
3339 2865
3340 3177
3341 3333
3342 3594
3343 2864
3344 3802
3345 3073
3346 3282
3347 3021
3348 4479
3349 3646
3350 3073
3351 3177
3352 3281
3353 3437
3354 3021
3355 3021
3356 3489
3357 3178
3358 3073
3359 3385
3360 2969
3361 3125
3362 3229
3363 3230
3364 3489
3365 3333
3366 3229
3367 13854
3368 9479
3369 8489
3370 6614
3371 6614
3372 6249
3373 7448
3374 8958
3375 21562
3376 7187
3377 6875
3378 7240
3379 6979
3380 6666
3381 8906
3382 5260
3383 10416
3384 10625
3385 8072
3386 7031
3387 6875
3388 5469
3389 7187
3390 5989
3391 4739
3392 5416
3393 5781
3394 5260
3395 6354
3396 5521
3397 7031
3398 6875
3399 7604
3400 7135
3401 6407
3402 7031
3403 8594
3404 5521
3405 7448
3406 7291
3407 7812
3408 3802
3409 8645
3410 5833
3411 7396
3412 7761
3413 5469
3414 5729
3415 6666
3416 7396
3417 6146
3418 4114
3419 9375
3420 4584
3421 6562
3422 8802
3423 4635
3424 9219
3425 9427
3426 6927
3427 7448
3428 9583
3429 12969
3430 6667
3431 10677
3432 9740
3433 8437
3434 11874
3435 9635
3436 7812
3437 7292
3438 11875
3439 8177
3440 9218
3441 8854
3442 10416
3443 6875
3444 7396
3445 8958
3446 5312
3447 3958
3448 4479
3449 9375
3450 6042
3451 6146
3452 7135
3453 10365
3454 6198
3455 5052
3456 5312
3457 6927
3458 6562
3459 4479
3460 4115
3461 5312
3462 4166
3463 6875
3464 4167
3465 5886
3466 7708
3467 7187
3468 3542
3469 5573
3470 6145
3471 5104
3472 4532
3473 4375
3474 7395
3475 5521
3476 4896
3477 5938
3478 4166
3479 4895
3480 4948
3481 4063
3482 6354
3483 8124
3484 8906
3485 3802
3486 3125
3487 4063
3488 4896
3489 4584
3490 4323
3491 4583
3492 4322
3493 6249
3494 5573
3495 5572
3496 3698
3497 4948
3498 5365
3499 3594
3500 4531
3501 4323
3502 6510
3503 39635
3504 4323
3505 4271
3506 4947
3507 5000
3508 4271
3509 7344
3510 4531
3511 5677
3512 7240
3513 6407
3514 6718
3515 9374
3516 5781
3517 7031
3518 7187
3519 6980
3520 3230
3521 4374
3522 4895
3523 4062
3524 8698
3525 4219
3526 5469
3527 6562
3528 4167
3529 5729
3530 6146
3531 6354
3532 5000
3533 7187
3534 6562
3535 7604
3536 7395
3537 7604
3538 7135
3539 6250
3540 7343
3541 11041
3542 4270
3543 7083
3544 4791
3545 4062
3546 4896
3547 3750
3548 7031
3549 5990
3550 6198
3551 6562
3552 6771
3553 6458
3554 7447
3555 7552
3556 9114
3557 5468
3558 7916
3559 6822
3560 7813
3561 7552
3562 4844
3563 6198
3564 5417
3565 4583
3566 3698
3567 4479
3568 4479
3569 4427
3570 4636
3571 3854
3572 5573
3573 5989
3574 4375
3575 3438
3576 4375
3577 4583
3578 4010
3579 11198
3580 4844
3581 5469
3582 4948
3583 4635
3584 4427
3585 3438
3586 4636
3587 4480
3588 4791
3589 5312
3590 3750
3591 3385
3592 5052
3593 5365
3594 4114
3595 4323
3596 4843
3597 3334
3598 3958
3599 4010
3600 5208
3601 2865
3602 3958
3603 5625
3604 3490
3605 3438
3606 4063
3607 3958
3608 4948
3609 3489
3610 4271
3611 4896
3612 4011
3613 4270
3614 4322
3615 5834
3616 3802
3617 3125
3618 3073
3619 3073
3620 5364
3621 2865
3622 4687
3623 5625
3624 5156
3625 3749
3626 4791
3627 4531
3628 4115
3629 3959
3630 2864
3631 23072
3632 3698
3633 4219
3634 4063
3635 4375
3636 3750
3637 3490
3638 3750
3639 3646
3640 3906
3641 4114
3642 4636
3643 6354
3644 5677
3645 4844
3646 4218
3647 3959
3648 5677
3649 4062
3650 3854
3651 4062
3652 3698
3653 3645
3654 3437
3655 4791
3656 3542
3657 3124
3658 3854
3659 4010
3660 4583
3661 3855
3662 3385
3663 3854
3664 4010
3665 3438
3666 3385
3667 3906
3668 3334
3669 3541
3670 4218
3671 3750
3672 4323
3673 5625
3674 4375
3675 3282
3676 3698
3677 3646
3678 4635
3679 4635
3680 4011
3681 3229
3682 3229
3683 4635
3684 4740
3685 3594
3686 4270
3687 3125
3688 3229
3689 4115
3690 4166
3691 3698
3692 3646
3693 3802
3694 3541
3695 5208
3696 3698
3697 3855
3698 4166
3699 3802
3700 3958
3701 3489
3702 4427
3703 3437
3704 3334
3705 3959
3706 4219
3707 5782
3708 3645
3709 3490
3710 4271
3711 4322
3712 4010
3713 3855
3714 5260
3715 3437
3716 3230
3717 6198
3718 3438
3719 3750
3720 3749
3721 4011
3722 4427
3723 4271
3724 4844
3725 3593
3726 3645
3727 6198
3728 3802
3729 3698
3730 3645
3731 3542
3732 4896
3733 5469
3734 3750
3735 3386
3736 4062
3737 3438
3738 3489
3739 3750
3740 4947
3741 3125
3742 4323
3743 3906
3744 2969
3745 3125
3746 4271
3747 3281
3748 3125
3749 5365
3750 4115
3751 2813
3752 3281
3753 3334
3754 4166
3755 3750
3756 2916
3757 3281
3758 3594
3759 14583
3760 3281
3761 4896
3762 3437
3763 3385
3764 4271
3765 3073
3766 3906
3767 3437
3768 3646
3769 3489
3770 3959
3771 4687
3772 3177
3773 4270
3774 3073
3775 4063
3776 3698
3777 4687
3778 3385
3779 3750
3780 3438
3781 3698
3782 3802
3783 3646
3784 4010
3785 3125
3786 3854
3787 3177
3788 3437
3789 3124
3790 3333
3791 3854
3792 3645
3793 3698
3794 3437
3795 3698
3796 3281
3797 3542
3798 3750
3799 3489
3800 3802
3801 4167
3802 3333
3803 4011
3804 3385
3805 2969
3806 2812
3807 3958
3808 3802
3809 3802
3810 4479
3811 3542
3812 2865
3813 3854
3814 3229
3815 3593
3816 4010
3817 4427
3818 4063
3819 3750
3820 3021
3821 3229
3822 3437
3823 2812
3824 3698
3825 3281
3826 3282
3827 4167
3828 3437
3829 4271
3830 3437
3831 3593
3832 3281
3833 3281
3834 4427
3835 4063
3836 4375
3837 4010
3838 3229
3839 3645
3840 3124
3841 3906
3842 3490
3843 4844
3844 3542
3845 4011
3846 3021
3847 3646
3848 3385
3849 3697
3850 4427
3851 4323
3852 3698
3853 3854
3854 4219
3855 3229
3856 3802
3857 5469
3858 3386
3859 3958
3860 4062
3861 4999
3862 4271
3863 3541
3864 4218
3865 4532
3866 3489
3867 4271
3868 3906
3869 3854
3870 3802
3871 3802
3872 3541
3873 3021
3874 3073
3875 3230
3876 3750
3877 3333
3878 4062
3879 3750
3880 3490
3881 3073
3882 3750
3883 4479
3884 3177
3885 5312
3886 3177
3887 10990
3888 3594
3889 3749
3890 3645
3891 3229
3892 3698
3893 3073
3894 2968
3895 3593
3896 3750
3897 4323
3898 3958
3899 6146
3900 3750
3901 4115
3902 4479
3903 3281
3904 3698
3905 3541
3906 3854
3907 3281
3908 4167
3909 3750
3910 3073
3911 3542
3912 4323
3913 3697
3914 4114
3915 3697
3916 3281
3917 3542
3918 3594
3919 3698
3920 3958
3921 3646
3922 5156
3923 3229
3924 3802
3925 3125
3926 4010
3927 4948
3928 3542
3929 4167
3930 4896
3931 3489
3932 3073
3933 3385
3934 4896
3935 3750
3936 3593
3937 3021
3938 3489
3939 4427
3940 4895
3941 3282
3942 3385
3943 4531
3944 4062
3945 3385
3946 4375
3947 3594
3948 3542
3949 5156
3950 5572
3951 3021
3952 3646
3953 4739
3954 3125
3955 3229
3956 5208
3957 4271
3958 3646
3959 3646
3960 3697
3961 3386
3962 3177
3963 3386
3964 2656
3965 3542
3966 3385
3967 3073
3968 3802
3969 3230
3970 2657
3971 3229
3972 3698
3973 4114
3974 3229
3975 3333
3976 4427
3977 2969
3978 3386
3979 4375
3980 3646
3981 3802
3982 3750
3983 5729
3984 3906
3985 3907
3986 3750
3987 3594
3988 3593
3989 3698
3990 2969
3991 3021
3992 4323
3993 3073
3994 3906
3995 3490
3996 3542
3997 3386
3998 3541
3999 3333
4000 7084
4001 2917
4002 4739
4003 3749
4004 3125
4005 3125
4006 3072
4007 3281
4008 4271
4009 3802
4010 3698
4011 3593
4012 4115
4013 3958
4014 3542
4015 8958
4016 3281
4017 4167
4018 3229
4019 3698
4020 3281
4021 3073
4022 3333
4023 4375
4024 3906
4025 3386
4026 3073
4027 3698
4028 3646
4029 3750
4030 3230
4031 3333
4032 3177
4033 3542
4034 3021
4035 3281
4036 3385
4037 3021
4038 4219
4039 3646
4040 3073
4041 3386
4042 4375
4043 3334
4044 3645
4045 3854
4046 3229
4047 3490
4048 3021
4049 2917
4050 3542
4051 3802
4052 3645
4053 3593
4054 3907
4055 3542
4056 4375
4057 3438
4058 3697
4059 3125
4060 2969
4061 3594
4062 3854
4063 3177
4064 3124
4065 3073
4066 3906
4067 3541
4068 4531
4069 3281
4070 3125
4071 3385
4072 3907
4073 3386
4074 4427
4075 3489
4076 3541
4077 4063
4078 2865
4079 3438
4080 3645
4081 3698
4082 3282
4083 3177
4084 4115
4085 3750
4086 2968
4087 3437
4088 3281
4089 3698
4090 3593
4091 5729
4092 4531
4093 3593
4094 3438
4095 3333
4096 4167
4097 3698
4098 3073
4099 3646
4100 4115
4101 3594
4102 3125
4103 3594
4104 3490
4105 2969
4106 3594
4107 3854
4108 4271
4109 3333
4110 3594
4111 3438
4112 3073
4113 4010
4114 3854
4115 3229
4116 3906
4117 3281
4118 3281
4119 3438
4120 3437
4121 4323
4122 3333
4123 4167
4124 3281
4125 3385
4126 3437
4127 3541
4128 3489
4129 4010
4130 3542
4131 3594
4132 3333
4133 3594
4134 3958
4135 4114
4136 4063
4137 3646
4138 4635
4139 3542
4140 3437
4141 5521
4142 4479
4143 12969
4144 4843
4145 4114
4146 3958
4147 3750
4148 4844
4149 3125
4150 4011
4151 4687
4152 4062
4153 3594
4154 3333
4155 3541
4156 5052
4157 4322
4158 3386
4159 4218
4160 4480
4161 3750
4162 3438
4163 3802
4164 3125
4165 4062
4166 4219
4167 3490
4168 3386
4169 4271
4170 4792
4171 3750
4172 4166
4173 4895
4174 3802
4175 4218
4176 3958
4177 5104
4178 3958
4179 2864
4180 4636
4181 3282
4182 4271
4183 3437
4184 4843
4185 4062
4186 3490
4187 5313
4188 3802
4189 3854
4190 4219
4191 5052
4192 4687
4193 3802
4194 3385
4195 3750
4196 4323
4197 4583
4198 3698
4199 3594
4200 3906
4201 3438
4202 4480
4203 4740
4204 3646
4205 3750
4206 3386
4207 5104
4208 3333
4209 4271
4210 4896
4211 3489
4212 3958
4213 4063
4214 3854
4215 3334
4216 3125
4217 5417
4218 3854
4219 3073
4220 4427
4221 3854
4222 3802
4223 3802
4224 3281
4225 4427
4226 3281
4227 4635
4228 3959
4229 3490
4230 3802
4231 3177
4232 6979
4233 3177
4234 3958
4235 3906
4236 4792
4237 3698
4238 3230
4239 4375
4240 4010
4241 3229
4242 3907
4243 3749
4244 3333
4245 3386
4246 3177
4247 3593
4248 3542
4249 3334
4250 3854
4251 3958
4252 5677
4253 4063
4254 3385
4255 4636
4256 3594
4257 3749
4258 3593
4259 3646
4260 3750
4261 4218
4262 4532
4263 3281
4264 4167
4265 4583
4266 4114
4267 3594
4268 3646
4269 3386
4270 3281
4271 21614
4272 3958
4273 3906
4274 3542
4275 3490
4276 3489
4277 3854
4278 3698
4279 3958
4280 4375
4281 3229
4282 3802
4283 5416
4284 3594
4285 3750
4286 3541
4287 3646
4288 3334
4289 4115
4290 3333
4291 2917
4292 4062
4293 3593
4294 3646
4295 3698
4296 4219
4297 4010
4298 3958
4299 3906
4300 3281
4301 3333
4302 4895
4303 4010
4304 3334
4305 3750
4306 3437
4307 4063
4308 4219
4309 3958
4310 5573
4311 4323
4312 3750
4313 3958
4314 3749
4315 3593
4316 3021
4317 3646
4318 3437
4319 3646
4320 3438
4321 3281
4322 3386
4323 3854
4324 3698
4325 3437
4326 4219
4327 5052
4328 3177
4329 3229
4330 4167
4331 3437
4332 3750
4333 4166
4334 3333
4335 3802
4336 4167
4337 3073
4338 4063
4339 3854
4340 4479
4341 4115
4342 2865
4343 4791
4344 3698
4345 3281
4346 3854
4347 4531
4348 3437
4349 3438
4350 8438
4351 3750
4352 5104
4353 3542
4354 3386
4355 3073
4356 3698
4357 3854
4358 3333
4359 2916
4360 3646
4361 3698
4362 3177
4363 3750
4364 3698
4365 4011
4366 3645
4367 4375
4368 4322
4369 3489
4370 3750
4371 3802
4372 2917
4373 4062
4374 5469
4375 3229
4376 4010
4377 3438
4378 3698
4379 3958
4380 3177
4381 6041
4382 3437
4383 3958
4384 4011
4385 3958
4386 4479
4387 4166
4388 3593
4389 5677
4390 4480
4391 4062
4392 4219
4393 3229
4394 2761
4395 3229
4396 4531
4397 3906
4398 3854
4399 10364
4400 4062
4401 4063
4402 3229
4403 3750
4404 3802
4405 3021
4406 3385
4407 3750
4408 3906
4409 3854
4410 4062
4411 4010
4412 3333
4413 3698
4414 4583
4415 3698
4416 3437
4417 4011
4418 4270
4419 3177
4420 5000
4421 3750
4422 3750
4423 3072
4424 3645
4425 3646
4426 3750
4427 3438
4428 4167
4429 3229
4430 3698
4431 3229
4432 3750
4433 3072
4434 3281
4435 4323
4436 4270
4437 3333
4438 3698
4439 3541
4440 3750
4441 4010
4442 2917
4443 3542
4444 3334
4445 3073
4446 3698
4447 4271
4448 3542
4449 3125
4450 3542
4451 3177
4452 3593
4453 3594
4454 3282
4455 3281
4456 3698
4457 4166
4458 3854
4459 3125
4460 3177
4461 4166
4462 3281
4463 3646
4464 3281
4465 3541
4466 3385
4467 3594
4468 3438
4469 3333
4470 3959
4471 3177
4472 3489
4473 3542
4474 3541
4475 3750
4476 5521
4477 3906
4478 4167
4479 5105
4480 4114
4481 4427
4482 3958
4483 3594
4484 3802
4485 4323
4486 3437
4487 4219
4488 3854
4489 3854
4490 3125
4491 4635
4492 3802
4493 4479
4494 3958
4495 5729
4496 4427
4497 3438
4498 2917
4499 4792
4500 4010
4501 4322
4502 4583
4503 4219
4504 3698
4505 4322
4506 3229
4507 3125
4508 4791
4509 4063
4510 4271
4511 3749
4512 4896
4513 3750
4514 3750
4515 4583
4516 5000
4517 3802
4518 3646
4519 5104
4520 3958
4521 3333
4522 3333
4523 3333
4524 3802
4525 3854
4526 3958
4527 33124
4528 4636
4529 4219
4530 4219
4531 4166
4532 5260
4533 2917
4534 3802
4535 4166
4536 4219
4537 3437
4538 3437
4539 3229
4540 3541
4541 4999
4542 4218
4543 3021
4544 3594
4545 3698
4546 3802
4547 4063
4548 5261
4549 4167
4550 3958
4551 4427
4552 3750
4553 3489
4554 3281
4555 3854
4556 3802
4557 3750
4558 3334
4559 4010
4560 3437
4561 3229
4562 3542
4563 3073
4564 4844
4565 3802
4566 4167
4567 5885
4568 3958
4569 3906
4570 3802
4571 4427
4572 6250
4573 4218
4574 4479
4575 3802
4576 6198
4577 6250
4578 4375
4579 4896
4580 3645
4581 5156
4582 3541
4583 3438
4584 4479
4585 3750
4586 4010
4587 4115
4588 3958
4589 4166
4590 4166
4591 3906
4592 4114
4593 4010
4594 4011
4595 3646
4596 4063
4597 3594
4598 3385
4599 4010
4600 3542
4601 4062
4602 3854
4603 4167
4604 3229
4605 4427
4606 4010
4607 6094
4608 3645
4609 4010
4610 3333
4611 3698
4612 3906
4613 3698
4614 4740
4615 4323
4616 4270
4617 3854
4618 3541
4619 4375
4620 3646
4621 5781
4622 4635
4623 3802
4624 3594
4625 3697
4626 4427
4627 4166
4628 5000
4629 3281
4630 3333
4631 4219
4632 5625
4633 3906
4634 3594
4635 3386
4636 3750
4637 4583
4638 3385
4639 4115
4640 5782
4641 3802
4642 3906
4643 3437
4644 3906
4645 6198
4646 4271
4647 3229
4648 3854
4649 3437
4650 3281
4651 3386
4652 4531
4653 4374
4654 3333
4655 11718
4656 3593
4657 3906
4658 3177
4659 3906
4660 3698
4661 3490
4662 3334
4663 4010
4664 5052
4665 3281
4666 3698
4667 4688
4668 3125
4669 3438
4670 4323
4671 4427
4672 3750
4673 3907
4674 3333
4675 3906
4676 3854
4677 3490
4678 3072
4679 4584
4680 3854
4681 3646
4682 6041
4683 3802
4684 4063
4685 3489
4686 3698
4687 3281
4688 3750
4689 3542
4690 3594
4691 3281
4692 4271
4693 3542
4694 4011
4695 3646
4696 4636
4697 3386
4698 3802
4699 4687
4700 3854
4701 3594
4702 3333
4703 3854
4704 3959
4705 5364
4706 3593
4707 5417
4708 3854
4709 3854
4710 4271
4711 6250
4712 3802
4713 4270
4714 4011
4715 4896
4716 5156
4717 4895
4718 4323
4719 3749
4720 4010
4721 3802
4722 3854
4723 4114
4724 3281
4725 4167
4726 4062
4727 4583
4728 3959
4729 3490
4730 5625
4731 3281
4732 3854
4733 4844
4734 4166
4735 4167
4736 4323
4737 5521
4738 4270
4739 4323
4740 3958
4741 5469
4742 4219
4743 4271
4744 3333
4745 4531
4746 3229
4747 3907
4748 3854
4749 5156
4750 4218
4751 3645
4752 4427
4753 3490
4754 4375
4755 3542
4756 3958
4757 6094
4758 3854
4759 7865
4760 4062
4761 3385
4762 4375
4763 4687
4764 3593
4765 4843
4766 4427
4767 4270
4768 4010
4769 3802
4770 3646
4771 3906
4772 3125
4773 5834
4774 3594
4775 4063
4776 3906
4777 5209
4778 4271
4779 3437
4780 5729
4781 4375
4782 3906
4783 15104
4784 3959
4785 4531
4786 4636
4787 4375
4788 4843
4789 4271
4790 4010
4791 3646
4792 5990
4793 3906
4794 4011
4795 3906
4796 5625
4797 3385
4798 4062
4799 4687
4800 3959
4801 4948
4802 3281
4803 3333
4804 4480
4805 3958
4806 3906
4807 4374
4808 5781
4809 4270
4810 4062
4811 3907
4812 4479
4813 4375
4814 4063
4815 4062
4816 4739
4817 3542
4818 3906
4819 4739
4820 7031
4821 4114
4822 4948
4823 4427
4824 5417
4825 5052
4826 5104
4827 3958
4828 4375
4829 3958
4830 3750
4831 4740
4832 4739
4833 4167
4834 4374
4835 5729
4836 6562
4837 5364
4838 5468
4839 5677
4840 4010
4841 3593
4842 4583
4843 4948
4844 4167
4845 4635
4846 3698
4847 4323
4848 4740
4849 4270
4850 4896
4851 3021
4852 4062
4853 3958
4854 3073
4855 3802
4856 3906
4857 4688
4858 3385
4859 3490
4860 6094
4861 5781
4862 5834
4863 4531
4864 3542
4865 5208
4866 3959
4867 5000
4868 3646
4869 3802
4870 4219
4871 4635
4872 5417
4873 4948
4874 4010
4875 3542
4876 5677
4877 4010
4878 3750
4879 4531
4880 5521
4881 3646
4882 4011
4883 4584
4884 3177
4885 3802
4886 3906
4887 6250
4888 4011
4889 3958
4890 4062
4891 3593
4892 4375
4893 4322
4894 5364
4895 5781
4896 3489
4897 3855
4898 4531
4899 3594
4900 4531
4901 4271
4902 4375
4903 5052
4904 6041
4905 5625
4906 4427
4907 3646
4908 3542
4909 3438
4910 4219
4911 19739
4912 4687
4913 5364
4914 4270
4915 4479
4916 3645
4917 3907
4918 4740
4919 3750
4920 4636
4921 4532
4922 3698
4923 16458
4924 6302
4925 8229
4926 6927
4927 6875
4928 6458
4929 5052
4930 6041
4931 4427
4932 7500
4933 5677
4934 6563
4935 6406
4936 6823
4937 5938
4938 8073
4939 6354
4940 7500
4941 10000
4942 4479
4943 6406
4944 10104
4945 5885
4946 6979
4947 5729
4948 5833
4949 5157
4950 5416
4951 5312
4952 5521
4953 13229
4954 9010
4955 6249
4956 7708
4957 8594
4958 9584
4959 4948
4960 7240
4961 3854
4962 7708
4963 6510
4964 7292
4965 6771
4966 6823
4967 7760
4968 7761
4969 5625
4970 5781
4971 7500
4972 5208
4973 6770
4974 6042
4975 4010
4976 5417
4977 6354
4978 6823
4979 4739
4980 4583
4981 7291
4982 6667
4983 7344
4984 7239
4985 5000
4986 6823
4987 5677
4988 5469
4989 5625
4990 8490
4991 6146
4992 5209
4993 7239
4994 8021
4995 10364
4996 10260
4997 6666
4998 9322
4999 6458
5000 7500
5001 6927
5002 8124
5003 14895
5004 9114
5005 8489
5006 8021
5007 11511
5008 10365
5009 7604
5010 9688
5011 11094
5012 10364
5013 11250
5014 10885
5015 7760
5016 8177
5017 5156
5018 6354
5019 10365
5020 13958
5021 8646
5022 4948
5023 8177
5024 5104
5025 5260
5026 5260
5027 4687
5028 4896
5029 8125
5030 6042
5031 7656
5032 7708
5033 133331
5034 6250
5035 7291
5036 7031
5037 4896
5038 4687
5039 32343
5040 6875
5041 7761
5042 5625
5043 5156
5044 3385
5045 5104
5046 7135
5047 7031
5048 7917
5049 7500
5050 7760
5051 8854
5052 6145
5053 5000
5054 7135
5055 6666
5056 5729
5057 4479
5058 4218
5059 6146
5060 4636
5061 5208
5062 5781
5063 4739
5064 8281
5065 5312
5066 6614
5067 4844
5068 4583
5069 4375
5070 5729
5071 6250
5072 6563
5073 3646
5074 3854
5075 4792
5076 5364
5077 4531
5078 5886
5079 3854
5080 4947
5081 3698
5082 4791
5083 7344
5084 7604
5085 5729
5086 4531
5087 6093
5088 5156
5089 14063
5090 5000
5091 4062
5092 7083
5093 7188
5094 8385
5095 10989
5096 5625
5097 6250
5098 5625
5099 6511
5100 6927
5101 6719
5102 6875
5103 6979
5104 4219
5105 8073
5106 8281
5107 5364
5108 6823
5109 6510
5110 6042
5111 8334
5112 9479
5113 6771
5114 6510
5115 8281
5116 6302
5117 8490
5118 4374
5119 7344
5120 8854
5121 5364
5122 10625
5123 5781
5124 8489
5125 5209
5126 5313
5127 5365
5128 8802
5129 4740
5130 4531
5131 5156
5132 8334
5133 5260
5134 6875
5135 6406
5136 4895
5137 6041
5138 5156
5139 5989
5140 5260
5141 4271
5142 5469
5143 4062
5144 4427
5145 4532
5146 6406
5147 5416
5148 3646
5149 4635
5150 4114
5151 6718
5152 7761
5153 3437
5154 4271
5155 4271
5156 5364
5157 4323
5158 5052
5159 4427
5160 4740
5161 4584
5162 3906
5163 4896
5164 6563
5165 4323
5166 5052
5167 23073
5168 4531
5169 3125
5170 3750
5171 5989
5172 4687
5173 5260
5174 5208
5175 5208
5176 4323
5177 3646
5178 4688
5179 4896
5180 3749
5181 4375
5182 3333
5183 3229
5184 4323
5185 4271
5186 4948
5187 4062
5188 4739
5189 4584
5190 6197
5191 3437
5192 4166
5193 3802
5194 8176
5195 5729
5196 4322
5197 4531
5198 8020
5199 3646
5200 4531
5201 4011
5202 4114
5203 4583
5204 4844
5205 3959
5206 4062
5207 3438
5208 6354
5209 3386
5210 4948
5211 3698
5212 5885
5213 4219
5214 4010
5215 4739
5216 4739
5217 3958
5218 4010
5219 3438
5220 3594
5221 3229
5222 5469
5223 3646
5224 4792
5225 3333
5226 3854
5227 3542
5228 4323
5229 6406
5230 4167
5231 3802
5232 4427
5233 4219
5234 5156
5235 3697
5236 3542
5237 3906
5238 3750
5239 3229
5240 4687
5241 4115
5242 4635
5243 3594
5244 3437
5245 5052
5246 6198
5247 4115
5248 4271
5249 4740
5250 3541
5251 4635
5252 3854
5253 3333
5254 3958
5255 3645
5256 5312
5257 4062
5258 3854
5259 3802
5260 5677
5261 3959
5262 4374
5263 3385
5264 3333
5265 3854
5266 3854
5267 6042
5268 4115
5269 3698
5270 5781
5271 5261
5272 5261
5273 3854
5274 3646
5275 4688
5276 3802
5277 5313
5278 4010
5279 3177
5280 3697
5281 3906
5282 4063
5283 3906
5284 5677
5285 3334
5286 3906
5287 3854
5288 4687
5289 3906
5290 3489
5291 5520
5292 3333
5293 3438
5294 4219
5295 10885
5296 3541
5297 4115
5298 3750
5299 3802
5300 4739
5301 4271
5302 4791
5303 3802
5304 6719
5305 4584
5306 3854
5307 3542
5308 3698
5309 4791
5310 6979
5311 4375
5312 5261
5313 5677
5314 4896
5315 3645
5316 3437
5317 3802
5318 3906
5319 6771
5320 4687
5321 3073
5322 4687
5323 4271
5324 4479
5325 3333
5326 5469
5327 5365
5328 4062
5329 3646
5330 6146
5331 5885
5332 3750
5333 4011
5334 3750
5335 4166
5336 3958
5337 3594
5338 5312
5339 4479
5340 3802
5341 3959
5342 4271
5343 3385
5344 4531
5345 4166
5346 4114
5347 4271
5348 3542
5349 4844
5350 4010
5351 4166
5352 4375
5353 3958
5354 3438
5355 4479
5356 4375
5357 3802
5358 4115
5359 3750
5360 3333
5361 4531
5362 3437
5363 3437
5364 4427
5365 3854
5366 4323
5367 3645
5368 4011
5369 3281
5370 3177
5371 3958
5372 4166
5373 4427
5374 4271
5375 3229
5376 4531
5377 4322
5378 3854
5379 4063
5380 3854
5381 4479
5382 7864
5383 4166
5384 3958
5385 3646
5386 5677
5387 4010
5388 3125
5389 4635
5390 3854
5391 4063
5392 3542
5393 35624
5394 5208
5395 5208
5396 3593
5397 3958
5398 5104
5399 4740
5400 4271
5401 4323
5402 4010
5403 3593
5404 3802
5405 4687
5406 4062
5407 4322
5408 3802
5409 4688
5410 3698
5411 3854
5412 3437
5413 3645
5414 3438
5415 3333
5416 3906
5417 4427
5418 3906
5419 4114
5420 8646
5421 2968
5422 6041
5423 39531
5424 5000
5425 6042
5426 4166
5427 3073
5428 3490
5429 4114
5430 5052
5431 4010
5432 3385
5433 4323
5434 4010
5435 4740
5436 4479
5437 5625
5438 5312
5439 4479
5440 3438
5441 6042
5442 3385
5443 4062
5444 3958
5445 5573
5446 3542
5447 4010
5448 4479
5449 5521
5450 4479
5451 3750
5452 3854
5453 3906
5454 4375
5455 3333
5456 5365
5457 5468
5458 3594
5459 2969
5460 4739
5461 4323
5462 6301
5463 5938
5464 4375
5465 4739
5466 3958
5467 4010
5468 3959
5469 4219
5470 3646
5471 4531
5472 4115
5473 3594
5474 5156
5475 3750
5476 4011
5477 4271
5478 3855
5479 3177
5480 3646
5481 5313
5482 3906
5483 3593
5484 6354
5485 5573
5486 3750
5487 3333
5488 5625
5489 3906
5490 3854
5491 3749
5492 3698
5493 3334
5494 4063
5495 6250
5496 4635
5497 5833
5498 3437
5499 6875
5500 3907
5501 4062
5502 4427
5503 4323
5504 3542
5505 4636
5506 3594
5507 3750
5508 3697
5509 4427
5510 4271
5511 5000
5512 4271
5513 4532
5514 4531
5515 4844
5516 4219
5517 3802
5518 4739
5519 3333
5520 4270
5521 4010
5522 4948
5523 3907
5524 4218
5525 3437
5526 3385
5527 4323
5528 3958
5529 5208
5530 8854
5531 4479
5532 3906
5533 4167
5534 3229
5535 4740
5536 3854
5537 4271
5538 5157
5539 4948
5540 3698
5541 3959
5542 5312
5543 4844
5544 3958
5545 3750
5546 4844
5547 4427
5548 4844
5549 3854
5550 4948
5551 12603
5552 4948
5553 5469
5554 3959
5555 3698
5556 4011
5557 3593
5558 4062
5559 4010
5560 5729
5561 3802
5562 4271
5563 3541
5564 3282
5565 3646
5566 3802
5567 4219
5568 4166
5569 4114
5570 3959
5571 3698
5572 3073
5573 4531
5574 3750
5575 5573
5576 3593
5577 4271
5578 4115
5579 3698
5580 4218
5581 3437
5582 4427
5583 3698
5584 3541
5585 4427
5586 4167
5587 3855
5588 4479
5589 4791
5590 3489
5591 4115
5592 4427
5593 4010
5594 3646
5595 3854
5596 3177
5597 3698
5598 3645
5599 4271
5600 3177
5601 3906
5602 4115
5603 3802
5604 4167
5605 4115
5606 4063
5607 4219
5608 3541
5609 4323
5610 5938
5611 4739
5612 5364
5613 4062
5614 4114
5615 4687
5616 4479
5617 3959
5618 3698
5619 5781
5620 3906
5621 3958
5622 4219
5623 4843
5624 3958
5625 3281
5626 4166
5627 3854
5628 3594
5629 5208
5630 5677
5631 3749
5632 4635
5633 3855
5634 3594
5635 4011
5636 3750
5637 5416
5638 3750
5639 3072
5640 5521
5641 3646
5642 3229
5643 4531
5644 4115
5645 4011
5646 3958
5647 2968
5648 5260
5649 3750
5650 5520
5651 3177
5652 3542
5653 3333
5654 4323
5655 4115
5656 3854
5657 4427
5658 3750
5659 3645
5660 3750
5661 4010
5662 4011
5663 3541
5664 3489
5665 4688
5666 3646
5667 3802
5668 5156
5669 3958
5670 4010
5671 3281
5672 4322
5673 4531
5674 3437
5675 5521
5676 3854
5677 3177
5678 3333
5679 11094
5680 4375
5681 3750
5682 3333
5683 3177
5684 5052
5685 3177
5686 3645
5687 4115
5688 3333
5689 3854
5690 3125
5691 3333
5692 3750
5693 3854
5694 4740
5695 5261
5696 5833
5697 3281
5698 3646
5699 4375
5700 3646
5701 4011
5702 4947
5703 3959
5704 3438
5705 3646
5706 3490
5707 3906
5708 4427
5709 5052
5710 4114
5711 3750
5712 4114
5713 5052
5714 3854
5715 3542
5716 4636
5717 3438
5718 3385
5719 3750
5720 3594
5721 3229
5722 5364
5723 3698
5724 3698
5725 3958
5726 4323
5727 4010
5728 4166
5729 6146
5730 3646
5731 3646
5732 3282
5733 3646
5734 3750
5735 4219
5736 3333
5737 3178
5738 3698
5739 4219
5740 5313
5741 3542
5742 3177
5743 5573
5744 3489
5745 3750
5746 4219
5747 3333
5748 3907
5749 4166
5750 4323
5751 4063
5752 3698
5753 3646
5754 3437
5755 4062
5756 3281
5757 3906
5758 3697
5759 3749
5760 3333
5761 3229
5762 3542
5763 3177
5764 3750
5765 4114
5766 4635
5767 3438
5768 3698
5769 3073
5770 3906
5771 4010
5772 3802
5773 4010
5774 3594
5775 3802
5776 4531
5777 3854
5778 4583
5779 3854
5780 4010
5781 3594
5782 5052
5783 3906
5784 4583
5785 3854
5786 3698
5787 3646
5788 3229
5789 4896
5790 4479
5791 3334
5792 5052
5793 3594
5794 3854
5795 4479
5796 5209
5797 2917
5798 4219
5799 4531
5800 4063
5801 3698
5802 4427
5803 3281
5804 3281
5805 4063
5806 4739
5807 10052
5808 3854
5809 3750
5810 3177
5811 3750
5812 4479
5813 3802
5814 3282
5815 3854
5816 4583
5817 5156
5818 4063
5819 3125
5820 5416
5821 2917
5822 3698
5823 4010
5824 3802
5825 4166
5826 3646
5827 3906
5828 3281
5829 3594
5830 3646
5831 3333
5832 3698
5833 3490
5834 4584
5835 4271
5836 5521
5837 4531
5838 3541
5839 5573
5840 3645
5841 9792
5842 3646
5843 3958
5844 3698
5845 4219
5846 3646
5847 3698
5848 5365
5849 3281
5850 4479
5851 3541
5852 3334
5853 3750
5854 5260
5855 4583
5856 4583
5857 4167
5858 3125
5859 4010
5860 2968
5861 4635
5862 4531
5863 3437
5864 4531
5865 6406
5866 3698
5867 4115
5868 4479
5869 4636
5870 4999
5871 4323
5872 4479
5873 4167
5874 3958
5875 3646
5876 7031
5877 3177
5878 4687
5879 3906
5880 7499
5881 4323
5882 4062
5883 3958
5884 3333
5885 4583
5886 3229
5887 3542
5888 4010
5889 3802
5890 4270
5891 3855
5892 3490
5893 3646
5894 4791
5895 5886
5896 4114
5897 4010
5898 4688
5899 3854
5900 3802
5901 3542
5902 5625
5903 3802
5904 3646
5905 3646
5906 4271
5907 4219
5908 3907
5909 4114
5910 3489
5911 3281
5912 3333
5913 3802
5914 4010
5915 5625
5916 6093
5917 3490
5918 3750
5919 3907
5920 3959
5921 4947
5922 5000
5923 3229
5924 3698
5925 4791
5926 3125
5927 3750
5928 5364
5929 4427
5930 3854
5931 3385
5932 3593
5933 3749
5934 3124
5935 13906
5936 3750
5937 3229
5938 4115
5939 3125
5940 3594
5941 3698
5942 3750
5943 5677
5944 6666
5945 3334
5946 3958
5947 5260
5948 3281
5949 3855
5950 3594
5951 5781
5952 3854
5953 3750
5954 4636
5955 5833
5956 3646
5957 3959
5958 6198
5959 4114
5960 5625
5961 3542
5962 4375
5963 4010
5964 3958
5965 3646
5966 3386
5967 4166
5968 3541
5969 3333
5970 5520
5971 4011
5972 3906
5973 3177
5974 4740
5975 3645
5976 3907
5977 4479
5978 3750
5979 3385
5980 3490
5981 3385
5982 3646
5983 4062
5984 3281
5985 4427
5986 3229
5987 3229
5988 3593
5989 4114
5990 4480
5991 3698
5992 4531
5993 3073
5994 3854
5995 4322
5996 3906
5997 5365
5998 4063
5999 3541
6000 3802
6001 4062
6002 3646
6003 4531
6004 3177
6005 3229
6006 3541
6007 3855
6008 3698
6009 3385
6010 4063
6011 3750
6012 3802
6013 3542
6014 3750
6015 3906
6016 3802
6017 3907
6018 4062
6019 4532
6020 4219
6021 3333
6022 3854
6023 4114
6024 4167
6025 3281
6026 3646
6027 3542
6028 3802
6029 3854
6030 4114
6031 4062
6032 4166
6033 7448
6034 3490
6035 4427
6036 3437
6037 8385
6038 3490
6039 4166
6040 3750
6041 4062
6042 3750
6043 3646
6044 3698
6045 3489
6046 4115
6047 3750
6048 4480
6049 4010
6050 3698
6051 3072
6052 3906
6053 3333
6054 4063
6055 3646
6056 4636
6057 4531
6058 3959
6059 3906
6060 4166
6061 3802
6062 4167
6063 13125
6064 3645
6065 4166
6066 6042
6067 5572
6068 5364
6069 3438
6070 3854
6071 4636
6072 4010
6073 4896
6074 3698
6075 3646
6076 4792
6077 4844
6078 3177
6079 4375
6080 4739
6081 5261
6082 3542
6083 4531
6084 5625
6085 4166
6086 3489
6087 3802
6088 5469
6089 4010
6090 4115
6091 3646
6092 4375
6093 3906
6094 3802
6095 3489
6096 4479
6097 4010
6098 5104
6099 3750
6100 3698
6101 4114
6102 3802
6103 3438
6104 4167
6105 5573
6106 4219
6107 3646
6108 3698
6109 4583
6110 3594
6111 5989
6112 3750
6113 4687
6114 4323
6115 5885
6116 3073
6117 4635
6118 4687
6119 3541
6120 4063
6121 3437
6122 3490
6123 4114
6124 3854
6125 4583
6126 4219
6127 3958
6128 4063
6129 5937
6130 3854
6131 3907
6132 4375
6133 5104
6134 3698
6135 3855
6136 5729
6137 4062
6138 3438
6139 4062
6140 5313
6141 3437
6142 3698
6143 4792
6144 3542
6145 3542
6146 3802
6147 3282
6148 4010
6149 4167
6150 3907
6151 3177
6152 5208
6153 2917
6154 4583
6155 3385
6156 5417
6157 4948
6158 4584
6159 4271
6160 4427
6161 3333
6162 3645
6163 3593
6164 5052
6165 4687
6166 4062
6167 4635
6168 5000
6169 3698
6170 3750
6171 4167
6172 3802
6173 3333
6174 3437
6175 5000
6176 3854
6177 4218
6178 3334
6179 3594
6180 4271
6181 3646
6182 4791
6183 3490
6184 3907
6185 4062
6186 3802
6187 3802
6188 4166
6189 3593
6190 3542
6191 13385
6192 5260
6193 5468
6194 5729
6195 4375
6196 4584
6197 4063
6198 6510
6199 3698
6200 4218
6201 4375
6202 5052
6203 3645
6204 3958
6205 3489
6206 6250
6207 3906
6208 4115
6209 3438
6210 3438
6211 4270
6212 4114
6213 5833
6214 4114
6215 4583
6216 3959
6217 5261
6218 6198
6219 5625
6220 4062
6221 3177
6222 4218
6223 4531
6224 3594
6225 3958
6226 4063
6227 5469
6228 3958
6229 3697
6230 4687
6231 5469
6232 3333
6233 3958
6234 3698
6235 4271
6236 3333
6237 4271
6238 2969
6239 4323
6240 4270
6241 5000
6242 3645
6243 4896
6244 4115
6245 4635
6246 4740
6247 3490
6248 3854
6249 4010
6250 4948
6251 4115
6252 5052
6253 4270
6254 3333
6255 3645
6256 6562
6257 4011
6258 4375
6259 3854
6260 5364
6261 4427
6262 3750
6263 3490
6264 4636
6265 5885
6266 3906
6267 3333
6268 3438
6269 4063
6270 4271
6271 3125
6272 3697
6273 3697
6274 4427
6275 5729
6276 3854
6277 4479
6278 3750
6279 4323
6280 4687
6281 4479
6282 3021
6283 4375
6284 3541
6285 4583
6286 3541
6287 3386
6288 4271
6289 6719
6290 4896
6291 3542
6292 4427
6293 3385
6294 3958
6295 7031
6296 4635
6297 4323
6298 3802
6299 4532
6300 4010
6301 4011
6302 4948
6303 3542
6304 4635
6305 4791
6306 4218
6307 4531
6308 3646
6309 4635
6310 3437
6311 4583
6312 3959
6313 3855
6314 4063
6315 3541
6316 4271
6317 3646
6318 3438
6319 30833
6320 3542
6321 4271
6322 5313
6323 3593
6324 4895
6325 3959
6326 5312
6327 3594
6328 3959
6329 3281
6330 3385
6331 3073
6332 3906
6333 8489
6334 3177
6335 3802
6336 4687
6337 8958
6338 3490
6339 3490
6340 3073
6341 4062
6342 3229
6343 3802
6344 3646
6345 6041
6346 4635
6347 4375
6348 3437
6349 5677
6350 3386
6351 3542
6352 4271
6353 4427
6354 3906
6355 3437
6356 4011
6357 3802
6358 4115
6359 5729
6360 4583
6361 5365
6362 3698
6363 5052
6364 3542
6365 4271
6366 4948
6367 3490
6368 4375
6369 4219
6370 5156
6371 4063
6372 6093
6373 4427
6374 4114
6375 3489
6376 5417
6377 3698
6378 3385
6379 3333
6380 3646
6381 4271
6382 4114
6383 3646
6384 3958
6385 4532
6386 3177
6387 3646
6388 3438
6389 3177
6390 3437
6391 4115
6392 4011
6393 4114
6394 3593
6395 3021
6396 3698
6397 3229
6398 4479
6399 4114
6400 3802
6401 5416
6402 3958
6403 3542
6404 5052
6405 3386
6406 3438
6407 4063
6408 5938
6409 3906
6410 4167
6411 4167
6412 3802
6413 3750
6414 4010
6415 3281
6416 3750
6417 3646
6418 3958
6419 3698
6420 3906
6421 3854
6422 4219
6423 4271
6424 5989
6425 4219
6426 3906
6427 3438
6428 3854
6429 4010
6430 3489
6431 5521
6432 3802
6433 4010
6434 3542
6435 4688
6436 4114
6437 4844
6438 4271
6439 4010
6440 4115
6441 3802
6442 3125
6443 4427
6444 3437
6445 5261
6446 3750
6447 9896
6448 3177
6449 4115
6450 5156
6451 4011
6452 3802
6453 4375
6454 4792
6455 4323
6456 6146
6457 3386
6458 3490
6459 3489
6460 4584
6461 4115
6462 4323
6463 4895
6464 3073
6465 3906
6466 3073
6467 3698
6468 3802
6469 4114
6470 4271
6471 3750
6472 3437
6473 12969
6474 7291
6475 7031
6476 6510
6477 5417
6478 5521
6479 5990
6480 6510
6481 4219
6482 7917
6483 7708
6484 8906
6485 6927
6486 6198
6487 7083
6488 9270
6489 6458
6490 8073
6491 8698
6492 4375
6493 5624
6494 6667
6495 5729
6496 6875
6497 7240
6498 6406
6499 8333
6500 7083
6501 7500
6502 7552
6503 6875
6504 7812
6505 6406
6506 5729
6507 6354
6508 6562
6509 6927
6510 8906
6511 5833
6512 6250
6513 5469
6514 9739
6515 5990
6516 8802
6517 4791
6518 5052
6519 6770
6520 7292
6521 8802
6522 6094
6523 6614
6524 6354
6525 4948
6526 7968
6527 7135
6528 8802
6529 12551
6530 9062
6531 5312
6532 6198
6533 10468
6534 5156
6535 4583
6536 8489
6537 5625
6538 6771
6539 8073
6540 9948
6541 8854
6542 8854
6543 10000
6544 8697
6545 10104
6546 11510
6547 10573
6548 12083
6549 11979
6550 4791
6551 14322
6552 13959
6553 5261
6554 10312
6555 11354
6556 9531
6557 10104
6558 10833
6559 7187
6560 6093
6561 3854
6562 7083
6563 6823
6564 8073
6565 6562
6566 4792
6567 5521
6568 5625
6569 8021
6570 8542
6571 4322
6572 8073
6573 5937
6574 5676
6575 35781
6576 5156
6577 4114
6578 5833
6579 5052
6580 4636
6581 5729
6582 10156
6583 6563
6584 6458
6585 5052
6586 6406
6587 5104
6588 4947
6589 8437
6590 6823
6591 5520
6592 7968
6593 6822
6594 5365
6595 4635
6596 5521
6597 6250
6598 8021
6599 9115
6600 7500
6601 7917
6602 5156
6603 4792
6604 4739
6605 5104
6606 6927
6607 7344
6608 6354
6609 6250
6610 6718
6611 8073
6612 4896
6613 3229
6614 5312
6615 7969
6616 5937
6617 5781
6618 7447
6619 4895
6620 4115
6621 5052
6622 7917
6623 7656
6624 5729
6625 6406
6626 4375
6627 5468
6628 4010
6629 6562
6630 7916
6631 4844
6632 4584
6633 6354
6634 5104
6635 6926
6636 6562
6637 5886
6638 9739
6639 6094
6640 6614
6641 5885
6642 8593
6643 6563
6644 15208
6645 6302
6646 5937
6647 5052
6648 6666
6649 5208
6650 8646
6651 6562
6652 3281
6653 7604
6654 14115
6655 8959
6656 6406
6657 6875
6658 6093
6659 6198
6660 5521
6661 6563
6662 8750
6663 5938
6664 8958
6665 5677
6666 5677
6667 9271
6668 9531
6669 9687
6670 7813
6671 4115
6672 6875
6673 6406
6674 7083
6675 5521
6676 7552
6677 5677
6678 6094
6679 7031
6680 7604
6681 4583
6682 5469
6683 3907
6684 4010
6685 6875
6686 6302
6687 4115
6688 4843
6689 4688
6690 5365
6691 6146
6692 7031
6693 3750
6694 5313
6695 4583
6696 6302
6697 5781
6698 4219
6699 4636
6700 4583
6701 6979
6702 22864
6703 21719
6704 4739
6705 5834
6706 4375
6707 4114
6708 4635
6709 4532
6710 4219
6711 4375
6712 4271
6713 6458
6714 7135
6715 4167
6716 4531
6717 5312
6718 5572
6719 4218
6720 4479
6721 4948
6722 4739
6723 4166
6724 4948
6725 4531
6726 6563
6727 3906
6728 4688
6729 5313
6730 4063
6731 6510
6732 4636
6733 5000
6734 3802
6735 6146
6736 4167
6737 3593
6738 4687
6739 5260
6740 5729
6741 9739
6742 4531
6743 5677
6744 4739
6745 3698
6746 3489
6747 5781
6748 3594
6749 5208
6750 5937
6751 5208
6752 3907
6753 3959
6754 5521
6755 3229
6756 4062
6757 4427
6758 6562
6759 5052
6760 4166
6761 3646
6762 4062
6763 3855
6764 4843
6765 4167
6766 3750
6767 5000
6768 4219
6769 4896
6770 4062
6771 3541
6772 4375
6773 4896
6774 4167
6775 3542
6776 4218
6777 3698
6778 4427
6779 4375
6780 3959
6781 4167
6782 4167
6783 5000
6784 4792
6785 3542
6786 3959
6787 3854
6788 4531
6789 4479
6790 4062
6791 4062
6792 5000
6793 4115
6794 3594
6795 4531
6796 3489
6797 3489
6798 4375
6799 3334
6800 3854
6801 4271
6802 5000
6803 5104
6804 4167
6805 3906
6806 4323
6807 4635
6808 4427
6809 5521
6810 4479
6811 4323
6812 4688
6813 7239
6814 3645
6815 3855
6816 4479
6817 3646
6818 4166
6819 4532
6820 4010
6821 4635
6822 3750
6823 4167
6824 4740
6825 3177
6826 5052
6827 4218
6828 3646
6829 4271
6830 4219
6831 13958
6832 4896
6833 4011
6834 3906
6835 3698
6836 4063
6837 4114
6838 3750
6839 3594
6840 5573
6841 3958
6842 5156
6843 3594
6844 4062
6845 4010
6846 3750
6847 5729
6848 9010
6849 3906
6850 4114
6851 4844
6852 4479
6853 4062
6854 5208
6855 3907
6856 5157
6857 4114
6858 6042
6859 4323
6860 3855
6861 5052
6862 4063
6863 4531
6864 4323
6865 4114
6866 5364
6867 5000
6868 3698
6869 4114
6870 3958
6871 4218
6872 4843
6873 5208
6874 4010
6875 4531
6876 4062
6877 4896
6878 5364
6879 4947
6880 4427
6881 4583
6882 5781
6883 8177
6884 4479
6885 4270
6886 3698
6887 6406
6888 4739
6889 3490
6890 3438
6891 3906
6892 5937
6893 4166
6894 4375
6895 4479
6896 4896
6897 4584
6898 3072
6899 5156
6900 4010
6901 4583
6902 4270
6903 5313
6904 4219
6905 3542
6906 4739
6907 4063
6908 4323
6909 4166
6910 6718
6911 3438
6912 4167
6913 3489
6914 5000
6915 3593
6916 3854
6917 4062
6918 4219
6919 4323
6920 4427
6921 6198
6922 4583
6923 3281
6924 3854
6925 4375
6926 4843
6927 5989
6928 6094
6929 4427
6930 5313
6931 3542
6932 4739
6933 3854
6934 4844
6935 5156
6936 4531
6937 4635
6938 4999
6939 6354
6940 3906
6941 4271
6942 4219
6943 4687
6944 3906
6945 4166
6946 4010
6947 3542
6948 3438
6949 4271
6950 3333
6951 3854
6952 4166
6953 5469
6954 4844
6955 4115
6956 3802
6957 4219
6958 4167
6959 14374
6960 5260
6961 3958
6962 4583
6963 4531
6964 4635
6965 3542
6966 5573
6967 3333
6968 4427
6969 3594
6970 5625
6971 3750
6972 3802
6973 3334
6974 4115
6975 4427
6976 4062
6977 6302
6978 3802
6979 3959
6980 3907
6981 3645
6982 3490
6983 3646
6984 4635
6985 3958
6986 4270
6987 5364
6988 5157
6989 4219
6990 5000
6991 5052
6992 3333
6993 4636
6994 3489
6995 4843
6996 3333
6997 6771
6998 4062
6999 6042
7000 4218
7001 6406
7002 4479
7003 4011
7004 4062
7005 4427
7006 4271
7007 3802
7008 5782
7009 4532
7010 3802
7011 3698
7012 5677
7013 3333
7014 3281
7015 7344
7016 4844
7017 3959
7018 4011
7019 4062
7020 4687
7021 3750
7022 4114
7023 3854
7024 4167
7025 3282
7026 4687
7027 3333
7028 3490
7029 3385
7030 4896
7031 4323
7032 4323
7033 4895
7034 4791
7035 4688
7036 3750
7037 4687
7038 4063
7039 4531
7040 8021
7041 3697
7042 4479
7043 3542
7044 4427
7045 4479
7046 3802
7047 3593
7048 4219
7049 5104
7050 3542
7051 3698
7052 3282
7053 4427
7054 4219
7055 3541
7056 4843
7057 3698
7058 4219
7059 6458
7060 6041
7061 4062
7062 4167
7063 3906
7064 5156
7065 4270
7066 4427
7067 3906
7068 3907
7069 3958
7070 3906
7071 3334
7072 3593
7073 3594
7074 3334
7075 4062
7076 3802
7077 3802
7078 3437
7079 5520
7080 3854
7081 4166
7082 4791
7083 3907
7084 4219
7085 3854
7086 4115
7087 10937
7088 4374
7089 3542
7090 3958
7091 4427
7092 3906
7093 4948
7094 5052
7095 3645
7096 3854
7097 3802
7098 3906
7099 4010
7100 3958
7101 5886
7102 3802
7103 4948
7104 4063
7105 6406
7106 3594
7107 4635
7108 4114
7109 6302
7110 4532
7111 3646
7112 3281
7113 5052
7114 5468
7115 3490
7116 4271
7117 3750
7118 4740
7119 5625
7120 3437
7121 4010
7122 3593
7123 4479
7124 3802
7125 3438
7126 4688
7127 3854
7128 4115
7129 4270
7130 4271
7131 4114
7132 3854
7133 4792
7134 3906
7135 4114
7136 4479
7137 4114
7138 4062
7139 4479
7140 4791
7141 3333
7142 3594
7143 4167
7144 3854
7145 3802
7146 4427
7147 6094
7148 3593
7149 3698
7150 3802
7151 3646
7152 3229
7153 3281
7154 3333
7155 4948
7156 5156
7157 3959
7158 3749
7159 3385
7160 3333
7161 4480
7162 3645
7163 5520
7164 4583
7165 3698
7166 3854
7167 3698
7168 3906
7169 3542
7170 5000
7171 4584
7172 4010
7173 3906
7174 5000
7175 4115
7176 4167
7177 4427
7178 3906
7179 3177
7180 3333
7181 4844
7182 3958
7183 3333
7184 5937
7185 4114
7186 3906
7187 4011
7188 4687
7189 3958
7190 4427
7191 3698
7192 4011
7193 5208
7194 3698
7195 5208
7196 3021
7197 4532
7198 3698
7199 4583
7200 3854
7201 5313
7202 3698
7203 3386
7204 5573
7205 4062
7206 4531
7207 3907
7208 5833
7209 3490
7210 3594
7211 3646
7212 3698
7213 3281
7214 3958
7215 10937
7216 4218
7217 3802
7218 4167
7219 3958
7220 4427
7221 3594
7222 4532
7223 3958
7224 3958
7225 3593
7226 3646
7227 3750
7228 3906
7229 4166
7230 4687
7231 3177
7232 3542
7233 4062
7234 3750
7235 3958
7236 4531
7237 3333
7238 3281
7239 6041
7240 5000
7241 3229
7242 3437
7243 3229
7244 4427
7245 4114
7246 3854
7247 3750
7248 3958
7249 3646
7250 4948
7251 3594
7252 3281
7253 4688
7254 3281
7255 4323
7256 3906
7257 3906
7258 4063
7259 3698
7260 5260
7261 4271
7262 3698
7263 4063
7264 3854
7265 4062
7266 3959
7267 3802
7268 3281
7269 3750
7270 3333
7271 3854
7272 3542
7273 5365
7274 3906
7275 3334
7276 3490
7277 3750
7278 3385
7279 3594
7280 4010
7281 3750
7282 3698
7283 4323
7284 4062
7285 5000
7286 3229
7287 4166
7288 4791
7289 3802
7290 4687
7291 3907
7292 3229
7293 3698
7294 3385
7295 3177
7296 3698
7297 3959
7298 5625
7299 4323
7300 4532
7301 3749
7302 3333
7303 3907
7304 4167
7305 4479
7306 3854
7307 4167
7308 3645
7309 3490
7310 3437
7311 4166
7312 4375
7313 3281
7314 4219
7315 3542
7316 3958
7317 4843
7318 3177
7319 3334
7320 6042
7321 4792
7322 4011
7323 4010
7324 4114
7325 3646
7326 3073
7327 3958
7328 5677
7329 4167
7330 3281
7331 4531
7332 4792
7333 3854
7334 4740
7335 4740
7336 6093
7337 3645
7338 3802
7339 4062
7340 3958
7341 3802
7342 3646
7343 12291
7344 3698
7345 6093
7346 3906
7347 3385
7348 3958
7349 4479
7350 6198
7351 5052
7352 4115
7353 3907
7354 4687
7355 4948
7356 4063
7357 4167
7358 5000
7359 3281
7360 4375
7361 3646
7362 4583
7363 6406
7364 3958
7365 3802
7366 5051
7367 5729
7368 3854
7369 3906
7370 3906
7371 3333
7372 3281
7373 3542
7374 3906
7375 4791
7376 4375
7377 5625
7378 3645
7379 3177
7380 3073
7381 3802
7382 3437
7383 4114
7384 5937
7385 4635
7386 3542
7387 4010
7388 3594
7389 3385
7390 3125
7391 3437
7392 3855
7393 3646
7394 3593
7395 3750
7396 3542
7397 3906
7398 3385
7399 4115
7400 3750
7401 4375
7402 4583
7403 3802
7404 3802
7405 3802
7406 3177
7407 4010
7408 3958
7409 3750
7410 4167
7411 3854
7412 3750
7413 4219
7414 3906
7415 3854
7416 4792
7417 3646
7418 5312
7419 4271
7420 4270
7421 3229
7422 3437
7423 4375
7424 4219
7425 4166
7426 3906
7427 3906
7428 3645
7429 3125
7430 3698
7431 3697
7432 3802
7433 3698
7434 4167
7435 4271
7436 3125
7437 3490
7438 3958
7439 3646
7440 4270
7441 4063
7442 4218
7443 3958
7444 3177
7445 4063
7446 3490
7447 3750
7448 4271
7449 3593
7450 4114
7451 3698
7452 3125
7453 3490
7454 3855
7455 3489
7456 4323
7457 4271
7458 3125
7459 4323
7460 3489
7461 4167
7462 3542
7463 4375
7464 4375
7465 3802
7466 3906
7467 3906
7468 3334
7469 3229
7470 3541
7471 22864
7472 4635
7473 5729
7474 3490
7475 4740
7476 5416
7477 4739
7478 4010
7479 4114
7480 4114
7481 6510
7482 3489
7483 3594
7484 3593
7485 5417
7486 3594
7487 4010
7488 5938
7489 4323
7490 3906
7491 4323
7492 4740
7493 3593
7494 3229
7495 3229
7496 3438
7497 4167
7498 4114
7499 4011
7500 6041
7501 5520
7502 5729
7503 4010
7504 3698
7505 4375
7506 3906
7507 3802
7508 4115
7509 5261
7510 4166
7511 4322
7512 4687
7513 4479
7514 4531
7515 3854
7516 4739
7517 3854
7518 4427
7519 3750
7520 3646
7521 3958
7522 4427
7523 3750
7524 5312
7525 4167
7526 3437
7527 5052
7528 3906
7529 3281
7530 3854
7531 6250
7532 3750
7533 4063
7534 5781
7535 5417
7536 3281
7537 3593
7538 4011
7539 4011
7540 4948
7541 3490
7542 3958
7543 3750
7544 4792
7545 5572
7546 4323
7547 3802
7548 5573
7549 3750
7550 4895
7551 4687
7552 4427
7553 4427
7554 4218
7555 3542
7556 4948
7557 3281
7558 4739
7559 5312
7560 5260
7561 6770
7562 4115
7563 3854
7564 4792
7565 5364
7566 4948
7567 4896
7568 4479
7569 4739
7570 6250
7571 4010
7572 4635
7573 5104
7574 4167
7575 4948
7576 4270
7577 6094
7578 3698
7579 4792
7580 3854
7581 3958
7582 4271
7583 4166
7584 5312
7585 3490
7586 4531
7587 3906
7588 5573
7589 4479
7590 4531
7591 3958
7592 4999
7593 4010
7594 4636
7595 4218
7596 4375
7597 4583
7598 3750
7599 16718
7600 3906
7601 3802
7602 3802
7603 3542
7604 4062
7605 5208
7606 4740
7607 3073
7608 6041
7609 4219
7610 3333
7611 4115
7612 3646
7613 4011
7614 4896
7615 4270
7616 5781
7617 3802
7618 3958
7619 3907
7620 4479
7621 4114
7622 3906
7623 5573
7624 6406
7625 4271
7626 4583
7627 5208
7628 5469
7629 3646
7630 4218
7631 3959
7632 6302
7633 4270
7634 3750
7635 4843
7636 3698
7637 5312
7638 3698
7639 4063
7640 4219
7641 4063
7642 4322
7643 6979
7644 3906
7645 3802
7646 4635
7647 7604
7648 5156
7649 4583
7650 4167
7651 4167
7652 6302
7653 4167
7654 4479
7655 4792
7656 7083
7657 5416
7658 5000
7659 3594
7660 4115
7661 4219
7662 4114
7663 3750
7664 4896
7665 3958
7666 4270
7667 4010
7668 5312
7669 4010
7670 4323
7671 4063
7672 3334
7673 3750
7674 5260
7675 5261
7676 3698
7677 3958
7678 3177
7679 4062
7680 3489
7681 4271
7682 4010
7683 4948
7684 3802
7685 3489
7686 4115
7687 4374
7688 5625
7689 4323
7690 3750
7691 3958
7692 4479
7693 7031
7694 5781
7695 5989
7696 3802
7697 3750
7698 4948
7699 6511
7700 5157
7701 4322
7702 4063
7703 5677
7704 4322
7705 3229
7706 3490
7707 4843
7708 4740
7709 4635
7710 5886
7711 4063
7712 3750
7713 4947
7714 5260
7715 4115
7716 3958
7717 4167
7718 4479
7719 5885
7720 4792
7721 3854
7722 3177
7723 3541
7724 4791
7725 4791
7726 3645
7727 10573
7728 3750
7729 5365
7730 5885
7731 4948
7732 3593
7733 4427
7734 5521
7735 4010
7736 4115
7737 4375
7738 5208
7739 4062
7740 3854
7741 4219
7742 4062
7743 4374
7744 3645
7745 5104
7746 4791
7747 3386
7748 3906
7749 3698
7750 4427
7751 4219
7752 3906
7753 4114
7754 4010
7755 4947
7756 5781
7757 3802
7758 4531
7759 4688
7760 4219
7761 3750
7762 3750
7763 5937
7764 5417
7765 3750
7766 5000
7767 4114
7768 5520
7769 4219
7770 3646
7771 4271
7772 3594
7773 4479
7774 4896
7775 3437
7776 4010
7777 4792
7778 4166
7779 6354
7780 3750
7781 3750
7782 3490
7783 3958
7784 4479
7785 4271
7786 4739
7787 4011
7788 4844
7789 4115
7790 5364
7791 3177
7792 4062
7793 4948
7794 4375
7795 3698
7796 4115
7797 3802
7798 3645
7799 3959
7800 3698
7801 3958
7802 4843
7803 4010
7804 3333
7805 4219
7806 5209
7807 4115
7808 4635
7809 3698
7810 5312
7811 3906
7812 3802
7813 3906
7814 3906
7815 4479
7816 4948
7817 4688
7818 3594
7819 3958
7820 4427
7821 3906
7822 4167
7823 4375
7824 3750
7825 3229
7826 4114
7827 4218
7828 4270
7829 4427
7830 4010
7831 4062
7832 3698
7833 5104
7834 4739
7835 4219
7836 4271
7837 4427
7838 4011
7839 4323
7840 4635
7841 5000
7842 3958
7843 3854
7844 3698
7845 6145
7846 3073
7847 4219
7848 4219
7849 5990
7850 3490
7851 3490
7852 4947
7853 4219
7854 4010
7855 10052
7856 3906
7857 5677
7858 5209
7859 3802
7860 4583
7861 3489
7862 3281
7863 3490
7864 5104
7865 6093
7866 4479
7867 3854
7868 3437
7869 5000
7870 4063
7871 4583
7872 4427
7873 3437
7874 6354
7875 3958
7876 6042
7877 4583
7878 4062
7879 4322
7880 4271
7881 3750
7882 3594
7883 6094
7884 4062
7885 4531
7886 3958
7887 5260
7888 4271
7889 3437
7890 3802
7891 4062
7892 4374
7893 3542
7894 6510
7895 7135
7896 3958
7897 3437
7898 4323
7899 5573
7900 4635
7901 3802
7902 5000
7903 5833
7904 4063
7905 3386
7906 3802
7907 3958
7908 3593
7909 4792
7910 5364
7911 5729
7912 4271
7913 4635
7914 4011
7915 3697
7916 3594
7917 3958
7918 4687
7919 4271
7920 5886
7921 3958
7922 4011
7923 3750
7924 4427
7925 3802
7926 3906
7927 5781
7928 4219
7929 3854
7930 4375
7931 4792
7932 4219
7933 3906
7934 3906
7935 4583
7936 4271
7937 4843
7938 4583
7939 4688
7940 3750
7941 4011
7942 5312
7943 3958
7944 3697
7945 4323
7946 4896
7947 3541
7948 3698
7949 4427
7950 4167
7951 3541
7952 4010
7953 3541
7954 4114
7955 3854
7956 3906
7957 4479
7958 3334
7959 4167
7960 4166
7961 4063
7962 3698
7963 4687
7964 4063
7965 3802
7966 5989
7967 3750
7968 4531
7969 3333
7970 5000
7971 3906
7972 3645
7973 4843
7974 3958
7975 3333
7976 4166
7977 5209
7978 3698
7979 4375
7980 3646
7981 3541
7982 4479
7983 9114
7984 4115
7985 5625
7986 4219
7987 3229
7988 7344
7989 3646
7990 4219
7991 4584
7992 6249
7993 3906
7994 3594
7995 4011
7996 3749
7997 4323
7998 4271
7999 3490
8000 3334
8001 3542
8002 3281
8003 3906
8004 3333
8005 3229
8006 4740
8007 4270
8008 4688
8009 6614
8010 4636
8011 4062
8012 3437
8013 5677
8014 4635
8015 3542
8016 4688
8017 5468
8018 3750
8019 4374
8020 3177
8021 3802
8022 4115
8023 4010
8024 26301
8025 10260
8026 7292
8027 5052
8028 5573
8029 6614
8030 5938
8031 6250
8032 5208
8033 7552
8034 6354
8035 8594
8036 7917
8037 7865
8038 6563
8039 5313
8040 6875
8041 9584
8042 4948
8043 5990
8044 6875
8045 5312
8046 5729
8047 5937
8048 5573
8049 5260
8050 4583
8051 5000
8052 5677
8053 7917
8054 10156
8055 6354
8056 8646
8057 8802
8058 8802
8059 9687
8060 4844
8061 7864
8062 6615
8063 6041
8064 7708
8065 6250
8066 6354
8067 6823
8068 5885
8069 5989
8070 7760
8071 8385
8072 6927
8073 9896
8074 6510
8075 5624
8076 9947
8077 8542
8078 8125
8079 6615
8080 5937
8081 3749
8082 5104
8083 5417
8084 5417
8085 7396
8086 7552
8087 5469
8088 9374
8089 6354
8090 5468
8091 7552
8092 8906
8093 10261
8094 8229
8095 10937
8096 11042
8097 9270
8098 7968
8099 9166
8100 10052
8101 10989
8102 12395
8103 11458
8104 11041
8105 9635
8106 5937
8107 10781
8108 9948
8109 6614
8110 7344
8111 84738
8112 14062
8113 8281
8114 8125
8115 7344
8116 7916
8117 9166
8118 8437
8119 6979
8120 5989
8121 7500
8122 8489
8123 5156
8124 8177
8125 7136
8126 11146
8127 5312
8128 5833
8129 6510
8130 6927
8131 7604
8132 6823
8133 5833
8134 8906
8135 6927
8136 4739
8137 5000
8138 7292
8139 6875
8140 8281
8141 7187
8142 5937
8143 8281
8144 7812
8145 6823
8146 7604
8147 4271
8148 5990
8149 6249
8150 7291
8151 5781
8152 4218
8153 6718
8154 6146
8155 6615
8156 5989
8157 4635
8158 6562
8159 7500
8160 5937
8161 5104
8162 5260
8163 5051
8164 5104
8165 5938
8166 6563
8167 7864
8168 4427
8169 5469
8170 8333
8171 5209
8172 6718
8173 7187
8174 6979
8175 7084
8176 4531
8177 5260
8178 4427
8179 5937
8180 5624
8181 6406
8182 5000
8183 4427
8184 4895
8185 6563
8186 9375
8187 4791
8188 5521
8189 6302
8190 6875
8191 6875
8192 5000
8193 4322
8194 5000
8195 7031
8196 5052
8197 5729
8198 5312
8199 7239
8200 7344
8201 7656
8202 14792
8203 6354
8204 6511
8205 6250
8206 8750
8207 8124
8208 6406
8209 5364
8210 8802
8211 5782
8212 5468
8213 7135
8214 7239
8215 5312
8216 8802
8217 6823
8218 5833
8219 5885
8220 8333
8221 9583
8222 7656
8223 5208
8224 8542
8225 7448
8226 6146
8227 5989
8228 6406
8229 8594
8230 7291
8231 6875
8232 7084
8233 6823
8234 4792
8235 9792
8236 5156
8237 5208
8238 8542
8239 22916
8240 5677
8241 8854
8242 5781
8243 5364
8244 7396
8245 6823
8246 6510
8247 7708
8248 6302
8249 6615
8250 4114
8251 5781
8252 5729
8253 7395
8254 5833
8255 3698
8256 4739
8257 5000
8258 7084
8259 5781
8260 5312
8261 5209
8262 4635
8263 3906
8264 4792
8265 5104
8266 9115
8267 4792
8268 6615
8269 7969
8270 7708
8271 5572
8272 5469
8273 4531
8274 4166
8275 6355
8276 4636
8277 4740
8278 5052
8279 5416
8280 5937
8281 4427
8282 5573
8283 5364
8284 7083
8285 5990
8286 4323
8287 4687
8288 5209
8289 4843
8290 7552
8291 5886
8292 5104
8293 5209
8294 4688
8295 5313
8296 4740
8297 4531
8298 6563
8299 3959
8300 4636
8301 4844
8302 5104
8303 5157
8304 4427
8305 4219
8306 6094
8307 4635
8308 5937
8309 4322
8310 6562
8311 6354
8312 6302
8313 6459
8314 4271
8315 4479
8316 4948
8317 6094
8318 4427
8319 4531
8320 4531
8321 5468
8322 4479
8323 3698
8324 4948
8325 6354
8326 5364
8327 6406
8328 4584
8329 4218
8330 5052
8331 4948
8332 5469
8333 5989
8334 5261
8335 4427
8336 5052
8337 4844
8338 5885
8339 4323
8340 4323
8341 4583
8342 6093
8343 6041
8344 3750
8345 3803
8346 4375
8347 3854
8348 3698
8349 4791
8350 3334
8351 5417
8352 4739
8353 4375
8354 5052
8355 7187
8356 4584
8357 4479
8358 4688
8359 5469
8360 4114
8361 5312
8362 5416
8363 5105
8364 3802
8365 3698
8366 4114
8367 25520
8368 5000
8369 4479
8370 3542
8371 4843
8372 4323
8373 4688
8374 5469
8375 3958
8376 4323
8377 4687
8378 4531
8379 4531
8380 4011
8381 4115
8382 3802
8383 3281
8384 4532
8385 5365
8386 4583
8387 4740
8388 5000
8389 4843
8390 4010
8391 5208
8392 4167
8393 3906
8394 3542
8395 5677
8396 5469
8397 3386
8398 4115
8399 4166
8400 3854
8401 4010
8402 4010
8403 4791
8404 4270
8405 3854
8406 3802
8407 3906
8408 3542
8409 5625
8410 4375
8411 3438
8412 4271
8413 4479
8414 4374
8415 4115
8416 3490
8417 4531
8418 5000
8419 5052
8420 4584
8421 4635
8422 4271
8423 4271
8424 4583
8425 4322
8426 4114
8427 4375
8428 4843
8429 4583
8430 4739
8431 4739
8432 3438
8433 3802
8434 3958
8435 4375
8436 3959
8437 5156
8438 4792
8439 4948
8440 5468
8441 5104
8442 5000
8443 3958
8444 4895
8445 4635
8446 4427
8447 3750
8448 4271
8449 4740
8450 4063
8451 4479
8452 5000
8453 4062
8454 4062
8455 3854
8456 5104
8457 5989
8458 4896
8459 4427
8460 4219
8461 6874
8462 5313
8463 4115
8464 3698
8465 3906
8466 4271
8467 4375
8468 3334
8469 5052
8470 4219
8471 3698
8472 3125
8473 3854
8474 4584
8475 4218
8476 3333
8477 3593
8478 3750
8479 3385
8480 6250
8481 3854
8482 3906
8483 5312
8484 4479
8485 5989
8486 5416
8487 5468
8488 4375
8489 3593
8490 3958
8491 4218
8492 4010
8493 4896
8494 3906
8495 11354
8496 4480
8497 4011
8498 3698
8499 5365
8500 4531
8501 3542
8502 5521
8503 4427
8504 4635
8505 4531
8506 3854
8507 3749
8508 4062
8509 3646
8510 5937
8511 4166
8512 4219
8513 4323
8514 4739
8515 3750
8516 6979
8517 3698
8518 5364
8519 4635
8520 6770
8521 4532
8522 3594
8523 5677
8524 5833
8525 3802
8526 4427
8527 3698
8528 3958
8529 3698
8530 4896
8531 6354
8532 5885
8533 4896
8534 4062
8535 3646
8536 5208
8537 4948
8538 4166
8539 4115
8540 3125
8541 5312
8542 3698
8543 3229
8544 4948
8545 4166
8546 4374
8547 5885
8548 4791
8549 4532
8550 5105
8551 5573
8552 6094
8553 4010
8554 3645
8555 3959
8556 4948
8557 3282
8558 6562
8559 4844
8560 5104
8561 4740
8562 4948
8563 4583
8564 4166
8565 4687
8566 5208
8567 4219
8568 4010
8569 4114
8570 3854
8571 4479
8572 3906
8573 5052
8574 4271
8575 3385
8576 4219
8577 5833
8578 4219
8579 4427
8580 4167
8581 4948
8582 4063
8583 4427
8584 4427
8585 4114
8586 3906
8587 3489
8588 4948
8589 4219
8590 4687
8591 3594
8592 4479
8593 5417
8594 4271
8595 3906
8596 3906
8597 4374
8598 4636
8599 5261
8600 4636
8601 4270
8602 6145
8603 4062
8604 3542
8605 4271
8606 4843
8607 4375
8608 4375
8609 4219
8610 3386
8611 3594
8612 4166
8613 3906
8614 3646
8615 3906
8616 4479
8617 3854
8618 4531
8619 3906
8620 4427
8621 4687
8622 4011
8623 9583
8624 3698
8625 6250
8626 5833
8627 4792
8628 3854
8629 3854
8630 4791
8631 4010
8632 3646
8633 3646
8634 5156
8635 5104
8636 5833
8637 3646
8638 3438
8639 5156
8640 5625
8641 3802
8642 4479
8643 4740
8644 4531
8645 5000
8646 4427
8647 3645
8648 4791
8649 4062
8650 3855
8651 3854
8652 4115
8653 4219
8654 6302
8655 4531
8656 3646
8657 4427
8658 3698
8659 4062
8660 3385
8661 3541
8662 4479
8663 4270
8664 4426
8665 4896
8666 4635
8667 4062
8668 4636
8669 4583
8670 4895
8671 3854
8672 3490
8673 4687
8674 4427
8675 6614
8676 6302
8677 4479
8678 4323
8679 4375
8680 3646
8681 3906
8682 5781
8683 5208
8684 3594
8685 3594
8686 5781
8687 5781
8688 3750
8689 3333
8690 5312
8691 3802
8692 4010
8693 3594
8694 5625
8695 5781
8696 4792
8697 4532
8698 4531
8699 6563
8700 3593
8701 4896
8702 5052
8703 4896
8704 4323
8705 3906
8706 4115
8707 7447
8708 6563
8709 3542
8710 4740
8711 4322
8712 4167
8713 5990
8714 4323
8715 3697
8716 4479
8717 5677
8718 5209
8719 3750
8720 4583
8721 4636
8722 6042
8723 4479
8724 3697
8725 3073
8726 4011
8727 3125
8728 6145
8729 5781
8730 3437
8731 3802
8732 5052
8733 3698
8734 4479
8735 4219
8736 5833
8737 4375
8738 3542
8739 3646
8740 5312
8741 4115
8742 4219
8743 4011
8744 3958
8745 4010
8746 3802
8747 4323
8748 4375
8749 3802
8750 3750
8751 12344
8752 5937
8753 3802
8754 4323
8755 3438
8756 4688
8757 3854
8758 4010
8759 5052
8760 4219
8761 3542
8762 4219
8763 5468
8764 3646
8765 3906
8766 3489
8767 4427
8768 3334
8769 4166
8770 5625
8771 3281
8772 4322
8773 4427
8774 3854
8775 3698
8776 3906
8777 3750
8778 4167
8779 3906
8780 4218
8781 3907
8782 3281
8783 4062
8784 4063
8785 3906
8786 3906
8787 4687
8788 3698
8789 3802
8790 4063
8791 4271
8792 5729
8793 5885
8794 4271
8795 3802
8796 3854
8797 4166
8798 3281
8799 3594
8800 5417
8801 4583
8802 3594
8803 4011
8804 3386
8805 3385
8806 4062
8807 3541
8808 3959
8809 4114
8810 5260
8811 3541
8812 4323
8813 3646
8814 3490
8815 4218
8816 3906
8817 5937
8818 3593
8819 3906
8820 4479
8821 3958
8822 4844
8823 6927
8824 4427
8825 4948
8826 3541
8827 4010
8828 3698
8829 3594
8830 3333
8831 4323
8832 3958
8833 5677
8834 3750
8835 4166
8836 4011
8837 4062
8838 4010
8839 4167
8840 4322
8841 4011
8842 3698
8843 4375
8844 5834
8845 3437
8846 4635
8847 3906
8848 3854
8849 3802
8850 4375
8851 3749
8852 3958
8853 4167
8854 3542
8855 3854
8856 4948
8857 3802
8858 3542
8859 4427
8860 3854
8861 5989
8862 3906
8863 3906
8864 4167
8865 3333
8866 6719
8867 4531
8868 4271
8869 3958
8870 3906
8871 4739
8872 4375
8873 3750
8874 4323
8875 3698
8876 4948
8877 4375
8878 4010
8879 10313
8880 4792
8881 5469
8882 4219
8883 5104
8884 4531
8885 4531
8886 4635
8887 4323
8888 4688
8889 3698
8890 4479
8891 4531
8892 4166
8893 4323
8894 3698
8895 3750
8896 4374
8897 4166
8898 3802
8899 5260
8900 4115
8901 4011
8902 4479
8903 3385
8904 5052
8905 5208
8906 3906
8907 3750
8908 4167
8909 5938
8910 3229
8911 4167
8912 4740
8913 3958
8914 3906
8915 4427
8916 3385
8917 4270
8918 3594
8919 4114
8920 3698
8921 4011
8922 4427
8923 5208
8924 3333
8925 4011
8926 3854
8927 5469
8928 4271
8929 4584
8930 3959
8931 4635
8932 6041
8933 6250
8934 4687
8935 3646
8936 7292
8937 4167
8938 4635
8939 5208
8940 3438
8941 4011
8942 3906
8943 5521
8944 4271
8945 4218
8946 4322
8947 4843
8948 3281
8949 3438
8950 5886
8951 5313
8952 4687
8953 3854
8954 3958
8955 4063
8956 4531
8957 3802
8958 4583
8959 5521
8960 4115
8961 4271
8962 3698
8963 4375
8964 3906
8965 4635
8966 5625
8967 3958
8968 3542
8969 4323
8970 4948
8971 4531
8972 3333
8973 3802
8974 4271
8975 5677
8976 6041
8977 3593
8978 4531
8979 4687
8980 5208
8981 6250
8982 4479
8983 4375
8984 3750
8985 3281
8986 4219
8987 4062
8988 5521
8989 4167
8990 3281
8991 5521
8992 5886
8993 4219
8994 3541
8995 4844
8996 4323
8997 4687
8998 4687
8999 5521
9000 5781
9001 4167
9002 5156
9003 4166
9004 4635
9005 4479
9006 3854
9007 13854
9008 3958
9009 4167
9010 4271
9011 4219
9012 4635
9013 3906
9014 4323
9015 3958
9016 5208
9017 4584
9018 3802
9019 4011
9020 4010
9021 4531
9022 3907
9023 4739
9024 3959
9025 4114
9026 3385
9027 4531
9028 3698
9029 4636
9030 3958
9031 4114
9032 5208
9033 3802
9034 3437
9035 5052
9036 4271
9037 4063
9038 4740
9039 4636
9040 3958
9041 4063
9042 3854
9043 4167
9044 4271
9045 4114
9046 4792
9047 5469
9048 5312
9049 4583
9050 4062
9051 3542
9052 4011
9053 3490
9054 3594
9055 4844
9056 4531
9057 4844
9058 5209
9059 5208
9060 3906
9061 3854
9062 4427
9063 4322
9064 4531
9065 4531
9066 4322
9067 4479
9068 4532
9069 4791
9070 4270
9071 4583
9072 4740
9073 4167
9074 4635
9075 4740
9076 4583
9077 4584
9078 4271
9079 3594
9080 4114
9081 4479
9082 4375
9083 4427
9084 5208
9085 4687
9086 4010
9087 6354
9088 5416
9089 4219
9090 3333
9091 5469
9092 4688
9093 3854
9094 5052
9095 4844
9096 6354
9097 3645
9098 4636
9099 4792
9100 5625
9101 4583
9102 3229
9103 5104
9104 4115
9105 4375
9106 4114
9107 5208
9108 4271
9109 4739
9110 5052
9111 4167
9112 5781
9113 6354
9114 5573
9115 4375
9116 4323
9117 5208
9118 4271
9119 5052
9120 6041
9121 5157
9122 5573
9123 5104
9124 4323
9125 5104
9126 4166
9127 4010
9128 5521
9129 3854
9130 5156
9131 4427
9132 4166
9133 4844
9134 4375
9135 16667
9136 5885
9137 3802
9138 4010
9139 3958
9140 6146
9141 3438
9142 4479
9143 4270
9144 5468
9145 3907
9146 3594
9147 3750
9148 6094
9149 4531
9150 4114
9151 5000
9152 3906
9153 4063
9154 4167
9155 5886
9156 4167
9157 4167
9158 5052
9159 4479
9160 4635
9161 4219
9162 5260
9163 4740
9164 3541
9165 4427
9166 5156
9167 5052
9168 3907
9169 4948
9170 5989
9171 4427
9172 3385
9173 4323
9174 6979
9175 3802
9176 4114
9177 3906
9178 5260
9179 5573
9180 3750
9181 5833
9182 5937
9183 4271
9184 3958
9185 3750
9186 6094
9187 4479
9188 3802
9189 4323
9190 4583
9191 5937
9192 4635
9193 3385
9194 4635
9195 4583
9196 4635
9197 3906
9198 3802
9199 4114
9200 3906
9201 6041
9202 5052
9203 4635
9204 4479
9205 4063
9206 4375
9207 4011
9208 4010
9209 5573
9210 3646
9211 4271
9212 4948
9213 6145
9214 4375
9215 4271
9216 4375
9217 4219
9218 3750
9219 4062
9220 4323
9221 4531
9222 5260
9223 4271
9224 5729
9225 4323
9226 3959
9227 5104
9228 8542
9229 4375
9230 4479
9231 4114
9232 5573
9233 4844
9234 4792
9235 5156
9236 5000
9237 4532
9238 4114
9239 5417
9240 6458
9241 4219
9242 4895
9243 3437
9244 5833
9245 3750
9246 4115
9247 4531
9248 4687
9249 3906
9250 4688
9251 4740
9252 3489
9253 4427
9254 4375
9255 3959
9256 4791
9257 4739
9258 4323
9259 3750
9260 5365
9261 4635
9262 4375
9263 10156
9264 3802
9265 3906
9266 4427
9267 6927
9268 4895
9269 3438
9270 4062
9271 4166
9272 3594
9273 4010
9274 3490
9275 4740
9276 5208
9277 3854
9278 4219
9279 4532
9280 5833
9281 4166
9282 4479
9283 4063
9284 4167
9285 4479
9286 3489
9287 4323
9288 5729
9289 3958
9290 4740
9291 4218
9292 4791
9293 4479
9294 4011
9295 4427
9296 4531
9297 3750
9298 3593
9299 5417
9300 3594
9301 3594
9302 4426
9303 4947
9304 4791
9305 3750
9306 3698
9307 5312
9308 4062
9309 4427
9310 3906
9311 4063
9312 4895
9313 3438
9314 3437
9315 4583
9316 4115
9317 4688
9318 4219
9319 4844
9320 3542
9321 3802
9322 3854
9323 5157
9324 3541
9325 3802
9326 3958
9327 3125
9328 3385
9329 4011
9330 3855
9331 4479
9332 4584
9333 4844
9334 4479
9335 4479
9336 4323
9337 5416
9338 4479
9339 5052
9340 4271
9341 3906
9342 4844
9343 7917
9344 4167
9345 3802
9346 4375
9347 9322
9348 3750
9349 3593
9350 4740
9351 4063
9352 4427
9353 3906
9354 4584
9355 4115
9356 3437
9357 3698
9358 4375
9359 4011
9360 4427
9361 4531
9362 4115
9363 4219
9364 3698
9365 3854
9366 5000
9367 3906
9368 5625
9369 4323
9370 5000
9371 3802
9372 5469
9373 5365
9374 3698
9375 4323
9376 4323
9377 3907
9378 3958
9379 3802
9380 4167
9381 4062
9382 4635
9383 4375
9384 6042
9385 5104
9386 5521
9387 3542
9388 3958
9389 3906
9390 5312
9391 10104
9392 5156
9393 3333
9394 5000
9395 4374
9396 5104
9397 3593
9398 3333
9399 3437
9400 4115
9401 4740
9402 3906
9403 6562
9404 3906
9405 4687
9406 3802
9407 5469
9408 3541
9409 3906
9410 3802
9411 4219
9412 5052
9413 4375
9414 5729
9415 5937
9416 3906
9417 4375
9418 6770
9419 3697
9420 5104
9421 4479
9422 6458
9423 4010
9424 4218
9425 4948
9426 4583
9427 5468
9428 4947
9429 3906
9430 5157
9431 3385
9432 5469
9433 6718
9434 4271
9435 4166
9436 4843
9437 5573
9438 4011
9439 4583
9440 4375
9441 5625
9442 5677
9443 5000
9444 5104
9445 5312
9446 4531
9447 6145
9448 4896
9449 4062
9450 4479
9451 6354
9452 6042
9453 4479
9454 5781
9455 5729
9456 4062
9457 4531
9458 3854
9459 4271
9460 4427
9461 5677
9462 5364
9463 4739
9464 4271
9465 5833
9466 4479
9467 3958
9468 4687
9469 5209
9470 5625
9471 4010
9472 4687
9473 4427
9474 5521
9475 5000
9476 4375
9477 4375
9478 6458
9479 4271
9480 3958
9481 3697
9482 4792
9483 4270
9484 3958
9485 4948
9486 7395
9487 7968
9488 5573
9489 5625
9490 4271
9491 5260
9492 3959
9493 3750
9494 4166
9495 4427
9496 4532
9497 4531
9498 4739
9499 5000
9500 5938
9501 4323
9502 4218
9503 4427
9504 6459
9505 4792
9506 5313
9507 4375
9508 4063
9509 3906
9510 4374
9511 4531
9512 5625
9513 4322
9514 4479
9515 4218
9516 6875
9517 5781
9518 4427
9519 23333
9520 3594
9521 4583
9522 4323
9523 6145
9524 4583
9525 5000
9526 4792
9527 5885
9528 7761
9529 4323
9530 5625
9531 6042
9532 4583
9533 6615
9534 4687
9535 4323
9536 5052
9537 5313
9538 4479
9539 4792
9540 4063
9541 6563
9542 6719
9543 3958
9544 4739
9545 4427
9546 6145
9547 6406
9548 4063
9549 4323
9550 4843
9551 5834
9552 4062
9553 3906
9554 5052
9555 3906
9556 4896
9557 4844
9558 4375
9559 5781
9560 6926
9561 4531
9562 4583
9563 4375
9564 15000
9565 10677
9566 6302
9567 9271
9568 7812
9569 7083
9570 7604
9571 14271
9572 8646
9573 10051
9574 6979
9575 7031
9576 5521
9577 7969
9578 8021
9579 6250
9580 5677
9581 7135
9582 10521
9583 7448
9584 5416
9585 9323
9586 7551
9587 6198
9588 6719
9589 8490
9590 7344
9591 6250
9592 6250
9593 6719
9594 5312
9595 5312
9596 7864
9597 7292
9598 8958
9599 8437
9600 6406
9601 8333
9602 5834
9603 5156
9604 6146
9605 12343
9606 7083
9607 5833
9608 5938
9609 18542
9610 11926
9611 8125
9612 5781
9613 8437
9614 7136
9615 7499
9616 9011
9617 7083
9618 5156
9619 9896
9620 5834
9621 9948
9622 10261
9623 6719
9624 8385
9625 10520
9626 11041
9627 18749
9628 13021
9629 10729
9630 8229
9631 7395
9632 11615
9633 9270
9634 14010
9635 7917
9636 6510
9637 6771
9638 5834
9639 7500
9640 12031
9641 8542
9642 6771
9643 8958
9644 6875
9645 7604
9646 8906
9647 55728
9648 6510
9649 12292
9650 7396
9651 8437
9652 5624
9653 6093
9654 7500
9655 7552
9656 7239
9657 8750
9658 6926
9659 7813
9660 7447
9661 8333
9662 8437
9663 4322
9664 6354
9665 5416
9666 5104
9667 5886
9668 14740
9669 8906
9670 7865
9671 6198
9672 6302
9673 5781
9674 5625
9675 6094
9676 6302
9677 6666
9678 7291
9679 5834
9680 7812
9681 6250
9682 7291
9683 8177
9684 8073
9685 5989
9686 7812
9687 8438
9688 8072
9689 6719
9690 6718
9691 5416
9692 4740
9693 5313
9694 6562
9695 6823
9696 8177
9697 5208
9698 6979
9699 7187
9700 7239
9701 6979
9702 4063
9703 7865
9704 7344
9705 12917
9706 5781
9707 5938
9708 6354
9709 5313
9710 4114
9711 6458
9712 4114
9713 5886
9714 4219
9715 5208
9716 6979
9717 6875
9718 6302
9719 8333
9720 7447
9721 8072
9722 6874
9723 6666
9724 7552
9725 4792
9726 6041
9727 6875
9728 8073
9729 5365
9730 9635
9731 9322
9732 6771
9733 8333
9734 5156
9735 5990
9736 5312
9737 6562
9738 5208
9739 4636
9740 5417
9741 8125
9742 6562
9743 6458
9744 6875
9745 6198
9746 6198
9747 8698
9748 5885
9749 7187
9750 10573
9751 7135
9752 6302
9753 3854
9754 6042
9755 6249
9756 6354
9757 6823
9758 5156
9759 6771
9760 4739
9761 5990
9762 9114
9763 5573
9764 5938
9765 6041
9766 6146
9767 7187
9768 7291
9769 4322
9770 5885
9771 4063
9772 7500
9773 4427
9774 4479
9775 24948
9776 7239
9777 7031
9778 6093
9779 3230
9780 5469
9781 6146
9782 6771
9783 4583
9784 5625
9785 5104
9786 4843
9787 6823
9788 5156
9789 3385
9790 5000
9791 6146
9792 7187
9793 5729
9794 4323
9795 3958
9796 7500
9797 6875
9798 10677
9799 5573
9800 7187
9801 7083
9802 5521
9803 7447
9804 5781
9805 4219
9806 4687
9807 4063
9808 5521
9809 4532
9810 6146
9811 4948
9812 5572
9813 4271
9814 4635
9815 5000
9816 5573
9817 4427
9818 6094
9819 4688
9820 5364
9821 4375
9822 4271
9823 6614
9824 4114
9825 5208
9826 5468
9827 3490
9828 4010
9829 5312
9830 5208
9831 6458
9832 5104
9833 4427
9834 4531
9835 9010
9836 4687
9837 4843
9838 4844
9839 4844
9840 4375
9841 5260
9842 3333
9843 5521
9844 4479
9845 3854
9846 5729
9847 5834
9848 3542
9849 3541
9850 6667
9851 5781
9852 4010
9853 4375
9854 4635
9855 5834
9856 5208
9857 5104
9858 4427
9859 5417
9860 6719
9861 4271
9862 5313
9863 4740
9864 6562
9865 4427
9866 4010
9867 4636
9868 6198
9869 6197
9870 4375
9871 4271
9872 5052
9873 4375
9874 5833
9875 4999
9876 5312
9877 4791
9878 4531
9879 5104
9880 5885
9881 3594
9882 4271
9883 4844
9884 4584
9885 3073
9886 4323
9887 3959
9888 6667
9889 6250
9890 4792
9891 4114
9892 4844
9893 7083
9894 5521
9895 4740
9896 5469
9897 4792
9898 4063
9899 4948
9900 4635
9901 5052
9902 5000
9903 15572
9904 5260
9905 4739
9906 4739
9907 3646
9908 4323
9909 4219
9910 6875
9911 5677
9912 4063
9913 5260
9914 7968
9915 4896
9916 4115
9917 3438
9918 5156
9919 3907
9920 4583
9921 3854
9922 3906
9923 4844
9924 4010
9925 5104
9926 3802
9927 4895
9928 4948
9929 4427
9930 3906
9931 4635
9932 5572
9933 5208
9934 4427
9935 4219
9936 4896
9937 4375
9938 4062
9939 3802
9940 3958
9941 4114
9942 4375
9943 4740
9944 4947
9945 4323
9946 4583
9947 4896
9948 4166
9949 4583
9950 3646
9951 4687
9952 5156
9953 5521
9954 3854
9955 5520
9956 5990
9957 3594
9958 4895
9959 5520
9960 5208
9961 5937
9962 4062
9963 5156
9964 5677
9965 5208
9966 4791
9967 4323
9968 4167
9969 3906
9970 5208
9971 4270
9972 3594
9973 4479
9974 4895
9975 4427
9976 5729
9977 4375
9978 5468
9979 4584
9980 4479
9981 5208
9982 4896
9983 4323
9984 4166
9985 5312
9986 4583
9987 4218
9988 3854
9989 6719
9990 6458
9991 4375
9992 5260
9993 3541
9994 4739
9995 3802
9996 3958
9997 6302
9998 6042
9999 5677
