0 9791
1 3385
2 1718
3 1250
4 2083
5 2031
6 1302
7 1407
8 1875
9 1823
10 1354
11 1770
12 1770
13 1406
14 1979
15 1510
16 2084
17 1927
18 1510
19 1875
20 2031
21 1927
22 1928
23 1562
24 1511
25 1927
26 2083
27 1771
28 1667
29 1718
30 2031
31 2396
32 2448
33 1823
34 2343
35 1771
36 1822
37 2240
38 1927
39 2083
40 2240
41 2291
42 1823
43 2135
44 2031
45 1927
46 1927
47 22135
48 2344
49 2344
50 2552
51 2448
52 1562
53 2344
54 1927
55 2292
56 2031
57 1979
58 2344
59 2343
60 2500
61 2344
62 1927
63 2292
64 2604
65 1823
66 1771
67 1927
68 2291
69 2135
70 1979
71 2292
72 2605
73 1980
74 2291
75 1875
76 2083
77 1927
78 2447
79 2812
80 2083
81 1927
82 1875
83 2500
84 2657
85 2083
86 2031
87 2084
88 2135
89 1927
90 2448
91 2396
92 2552
93 2136
94 2604
95 1979
96 1927
97 2187
98 2240
99 2500
