0 3229
1 3437
2 2083
3 2552
4 2083
5 2031
6 2188
7 2187
8 2083
9 1979
10 3333
11 2188
12 2084
13 2969
14 2135
15 3489
16 2552
17 3385
18 2187
19 2135
20 3490
21 2083
22 2188
23 2240
24 2136
25 2292
26 2135
27 2292
28 2083
29 2239
30 3645
31 2083
32 2187
33 2188
34 2292
35 4011
36 2135
37 2344
38 2240
39 2292
40 3438
41 2031
42 2083
43 2032
44 2083
45 2031
46 2084
47 4844
48 2083
49 2083
50 2032
51 2239
52 2864
53 2188
54 2032
55 1823
56 1875
57 1875
58 1771
59 1771
60 3855
61 1875
62 2187
63 3125
64 2864
65 1979
66 1979
67 1718
68 1822
69 1822
70 2031
71 3073
72 1822
73 1823
74 3073
75 1823
76 1771
77 1823
78 1979
79 2084
80 2031
81 2917
82 1823
83 1823
84 3437
85 1979
86 1771
87 1822
88 2135
89 2292
90 2031
91 1771
92 1771
93 1771
94 28021
95 1823
96 1875
97 1875
98 9114
99 7188
100 1771
101 1875
102 1823
103 26510
104 7552
105 1875
106 1927
107 1823
108 6771
109 1823
110 1875
111 1875
112 7031
113 6718
114 1875
115 1875
116 1927
117 6510
118 6406
119 1875
120 1875
121 1771
122 6719
123 6354
124 1822
125 1875
126 6562
127 6667
128 1823
129 1771
130 1771
131 6510
132 6511
133 1771
134 1979
135 1823
136 6511
137 7239
138 1823
139 1927
140 1875
141 6771
142 6666
143 1823
144 1927
145 76978
146 6510
147 1979
148 1875
149 1823
150 15156
151 13021
152 1771
153 1875
154 1822
155 6562
156 6615
157 1823
158 1823
159 1875
160 7031
161 6302
162 1822
163 1875
164 6874
165 6562
166 1823
167 1875
168 2032
169 6874
170 6406
171 1927
172 1875
173 1875
174 6875
175 6458
176 1875
177 1928
178 1875
179 6406
180 1771
181 1822
182 1770
183 6719
184 6198
185 1875
186 1823
187 1875
188 14063
189 6510
190 1770
191 1927
192 1927
193 6979
194 7187
195 1875
196 1823
197 1875
198 7291
199 1823
200 1875
201 1823
202 6770
203 19062
204 1771
205 1927
206 1927
207 6614
208 7292
209 1823
210 1875
211 1771
212 7031
213 6614
214 1823
215 1875
216 6562
217 6615
218 1875
219 1875
220 1823
221 6614
222 18333
223 1822
224 1875
225 1823
226 86717
227 6458
228 1875
229 1875
230 1875
231 8698
232 6719
233 1927
234 1823
235 6615
236 6614
237 1875
238 1875
239 1823
240 6562
241 16093
242 1823
243 2552
244 1771
245 6510
246 6771
247 1823
248 1770
249 1822
250 6719
251 2031
252 1823
253 1875
254 6562
255 6510
256 1719
257 1927
258 1823
259 30572
260 16666
261 1823
262 1823
263 1875
264 6458
265 6875
266 1823
267 1875
268 1927
269 11042
270 1823
271 1875
272 1823
273 6979
274 7448
275 2031
276 1874
277 1875
278 7812
279 17499
280 1980
281 1822
282 1823
283 6562
284 6719
285 1823
286 1927
287 1771
288 6666
289 1875
290 1823
291 1875
292 6823
293 6927
294 1874
295 1875
296 1823
297 8072
298 17552
299 1771
300 1875
301 1823
302 7552
303 1771
304 1823
305 1823
306 11927
307 29478
308 1823
309 2031
310 1927
311 7083
312 8020
313 1771
314 2031
315 1823
316 6719
317 6510
318 1823
319 1927
320 1823
321 6666
322 1771
323 1875
324 1822
325 7343
326 6511
327 3438
328 1823
329 1875
330 7604
331 7395
332 1823
333 1823
334 1875
335 6615
336 6615
337 1771
338 1823
339 1875
340 7187
341 1875
342 1875
343 1823
344 6927
345 9114
346 1823
347 1875
348 2500
349 34948
350 7396
351 1771
352 1823
353 1823
354 6667
355 7344
356 1927
357 1875
358 1823
359 6666
360 1874
361 1823
362 1875
363 8281
364 6979
365 1771
366 1875
367 1875
368 6875
369 6615
370 1771
371 1823
372 1822
373 6510
374 6875
375 1875
376 1875
377 6771
378 6667
379 1875
380 1823
381 1823
382 7656
383 7708
384 1823
385 1927
386 1875
387 10885
388 8125
389 1875
390 1927
391 1927
392 7083
393 6615
394 1822
395 1875
396 7709
397 6823
398 1823
399 8021
400 7188
401 1980
402 1823
403 1823
404 6719
405 7188
406 1771
407 1823
408 1823
409 7708
410 7500
411 1927
412 1823
413 6667
414 6614
415 1928
416 1875
417 1875
418 8177
419 8802
420 1875
421 1927
422 1875
423 6615
424 6979
425 1927
426 1927
427 1927
428 6511
429 1823
430 1823
431 2084
432 9792
433 6458
434 1823
435 1823
436 1927
437 8281
438 8385
439 1771
440 1875
441 1875
442 8385
443 6979
444 1823
445 1927
446 1979
447 11510
448 3020
449 1823
450 1770
451 8021
452 7031
453 1823
454 2343
455 1823
456 6875
457 6667
458 1770
459 1875
460 1875
461 9063
462 6614
463 3854
464 1874
465 1875
466 8958
467 1719
468 1875
469 1875
470 6771
471 6667
472 1822
473 1823
474 1875
475 7916
476 10260
477 2187
478 2084
479 3594
480 10312
481 7396
482 1823
483 2448
484 1979
485 12083
486 2813
487 1875
488 3958
489 10000
490 11874
491 2500
492 3333
493 1875
494 10260
495 10521
496 2083
497 2188
498 2083
499 9636
500 2917
501 9739
502 15312
503 1823
504 4271
505 1979
506 12760
507 10104
508 1927
509 2604
510 1927
511 7291
512 38697
513 1927
514 1875
515 1875
516 11041
517 7031
518 1823
519 1875
520 9010
521 8177
522 1771
523 1875
524 1875
525 11197
526 8489
527 1875
528 3281
529 1823
530 6771
531 8594
532 1823
533 1875
534 1822
535 6407
536 6822
537 1822
538 1771
539 6718
540 6510
541 1822
542 1979
543 1823
544 11354
545 9479
546 1875
547 1875
548 1875
549 6511
550 6406
551 1822
552 1823
553 1875
554 33645
555 1875
556 1823
557 1875
558 6563
559 8594
560 1822
561 1823
562 1927
563 7083
564 12187
565 1823
566 4896
567 4115
568 8073
569 7396
570 2968
571 3646
572 2708
573 10677
574 2032
575 2031
576 1874
577 10103
578 12604
579 2395
580 2031
581 1979
582 7552
583 8385
584 1875
585 2709
586 1875
587 8906
588 8802
589 3021
590 2500
591 61197
592 9063
593 1927
594 1928
595 1823
596 41822
597 6562
598 1927
599 1928
600 1927
601 1927
602 1875
603 1927
604 6614
605 10677
606 1823
607 1875
608 1823
609 7084
610 1927
611 1823
612 1822
613 7864
614 7083
615 1823
616 1875
617 1927
618 6667
619 6510
620 1875
621 1875
622 1927
623 10104
624 7552
625 1927
626 1771
627 6771
628 6927
629 1874
630 1822
631 2188
632 6458
633 6563
634 1927
635 1927
636 1979
637 8177
638 6354
639 1875
640 1875
641 1823
642 6614
643 6979
644 1927
645 1875
646 7292
647 7812
648 1823
649 1927
650 1823
651 19583
652 6510
653 1823
654 1875
655 1822
656 6614
657 6354
658 1771
659 1875
660 1823
661 7447
662 8177
663 1771
664 1927
665 7864
666 6458
667 2031
668 1875
669 1823
670 7291
671 7187
672 1875
673 1927
674 1875
675 7656
676 7188
677 1823
678 1979
679 1979
680 8021
681 1771
682 1875
683 1875
684 8334
685 6615
686 1823
687 1927
688 2552
689 7136
690 8281
691 1823
692 2239
693 1875
694 16666
695 7865
696 1927
697 3282
698 1875
699 6614
700 1823
701 1875
702 13542
703 1771
704 1875
705 3802
706 6667
707 6511
708 1823
709 1979
710 1875
711 6510
712 6302
713 1823
714 7865
715 1875
716 6823
717 1875
718 1927
719 3333
720 6823
721 7188
722 1823
723 1823
724 1822
725 17656
726 6406
727 1875
728 1823
729 1823
730 6822
731 6302
732 1823
733 1823
734 1875
735 6667
736 2083
737 1979
738 1875
739 9062
740 6667
741 1823
742 1927
743 1823
744 6511
745 7656
746 1823
747 1823
748 2032
749 7500
750 7083
751 1823
752 1875
753 6511
754 6354
755 1927
756 1875
757 1927
758 6563
759 15104
760 1874
761 1823
762 1875
763 7604
764 6562
765 1875
766 1823
767 1823
768 6510
769 6302
770 1823
771 1822
772 6406
773 6458
774 1823
775 1875
776 1770
777 6614
778 6666
779 1823
780 1875
781 1823
782 6771
783 6667
784 1822
785 1771
786 1771
787 6510
788 6302
789 1823
790 1875
791 6771
792 6510
793 1771
794 1771
795 1823
796 6719
797 6302
798 1875
799 1823
800 1875
801 12187
802 6406
803 1927
804 6927
805 1823
806 1823
807 1771
808 8021
809 6406
810 1823
811 3125
812 1823
813 7187
814 6719
815 1823
816 1823
817 1875
818 6718
819 6510
820 1875
821 1875
822 1875
823 7448
824 1823
825 1875
826 1771
827 6511
828 8021
829 4114
830 1875
831 1771
832 7760
833 7291
834 1823
835 1875
836 1823
837 24791
838 6667
839 1771
840 1875
841 1822
842 6771
843 1823
844 1823
845 1823
846 13697
847 6510
848 1823
849 1875
850 1822
851 7031
852 6615
853 3073
854 1875
855 1875
856 8177
857 7031
858 1875
859 1823
860 1875
861 6875
862 1875
863 1927
864 1823
865 12552
866 9062
867 1875
868 1823
869 1823
870 7968
871 6562
872 1823
873 1875
874 1823
875 6770
876 7500
877 1927
878 1875
879 18645
880 6406
881 1823
882 1822
883 1875
884 14323
885 6510
886 1823
887 2917
888 1875
889 7708
890 6406
891 1875
892 1875
893 1875
894 6771
895 7448
896 2396
897 1823
898 6511
899 6406
900 1875
901 1927
902 1875
903 12864
904 1979
905 1771
906 6562
907 6354
908 1770
909 1875
910 1823
911 6666
912 6354
913 1823
914 1875
915 6562
916 6614
917 1979
918 1874
919 1822
920 6614
921 7604
922 1823
923 1875
924 5052
925 7239
926 6354
927 1770
928 1822
929 1875
930 6563
931 1927
932 1823
933 1875
934 6458
935 6302
936 1823
937 1823
938 1875
939 6511
940 6771
941 1823
942 1823
943 1823
944 6406
945 6458
946 1875
947 1875
948 1823
949 6511
950 1875
951 1823
952 1770
953 6770
954 19062
955 1823
956 1770
957 1927
958 6771
959 6354
960 1875
961 1980
962 1875
963 6511
964 12343
965 1875
966 1927
967 1823
968 6615
969 1823
970 1823
971 1823
972 7447
973 6458
974 1875
975 1823
976 1823
977 7760
978 6822
979 1875
980 1875
981 1823
982 6667
983 6614
984 1771
985 1822
986 1979
987 6719
988 1771
989 1875
990 1927
991 9791
992 6406
993 1875
994 1771
995 1875
996 6406
997 6458
998 1771
999 1875
1000 1823
1001 7760
1002 6614
1003 1875
1004 1823
1005 1979
1006 1927
1007 1875
1008 6510
1009 7916
1010 1823
1011 1927
1012 1823
1013 6511
1014 7291
1015 1875
1016 1823
1017 1874
1018 6614
1019 7292
1020 1823
1021 1979
1022 6718
1023 6406
1024 1875
1025 1823
1026 1823
1027 7917
1028 6927
1029 1823
1030 1771
1031 1875
1032 18749
1033 6562
1034 1875
1035 1875
1036 1875
1037 6927
1038 6823
1039 1875
1040 1875
1041 6718
1042 7968
1043 1823
1044 1823
1045 1823
1046 12083
1047 6771
1048 1875
1049 1823
1050 1875
1051 7552
1052 6562
1053 1719
1054 1927
1055 1823
1056 6563
1057 1823
1058 1823
1059 1927
1060 6459
1061 6615
1062 1771
1063 1875
1064 1823
1065 6875
1066 6458
1067 1875
1068 1875
1069 1823
1070 6667
1071 7448
1072 1875
1073 1875
1074 1875
1075 6771
1076 1771
1077 1875
1078 1823
1079 6771
1080 22031
1081 1927
1082 1927
1083 1875
1084 20625
1085 6719
1086 1771
1087 1771
1088 1927
1089 6562
1090 6718
1091 1823
1092 1875
1093 1823
1094 6562
1095 1875
1096 1823
1097 1823
1098 6927
1099 6355
1100 3020
1101 1875
1102 1823
1103 6510
1104 6458
1105 1875
1106 9375
1107 6667
1108 1875
1109 1823
1110 1875
1111 6823
1112 1823
1113 1979
1114 1822
1115 6822
1116 6354
1117 1875
1118 1875
1119 1823
1120 7188
1121 13021
1122 1823
1123 1823
1124 1979
1125 6927
1126 7552
1127 1823
1128 1875
1129 7344
1130 6614
1131 1823
1132 1875
1133 1875
1134 6718
1135 7291
1136 1875
1137 1875
1138 1823
1139 21822
1140 13021
1141 1875
1142 1823
1143 1927
1144 6667
1145 6666
1146 1771
1147 1875
1148 6718
1149 7448
1150 1875
1151 1927
1152 1875
1153 6458
1154 6250
1155 1771
1156 1927
1157 1770
1158 6823
1159 12760
1160 1875
1161 1823
1162 1823
1163 6511
1164 6510
1165 1822
1166 1875
1167 7291
1168 7917
1169 1771
1170 1875
1171 1875
1172 22708
1173 7188
1174 1927
1175 1771
1176 19219
1177 6615
1178 12916
1179 1771
1180 1823
1181 1875
1182 10521
1183 1875
1184 1928
1185 3073
1186 7656
1187 7031
1188 1823
1189 1875
1190 1822
1191 6718
1192 6302
1193 1823
1194 1823
1195 1822
1196 8541
1197 12812
1198 1823
1199 1823
1200 1875
1201 7969
1202 1875
1203 1927
1204 1823
1205 34791
1206 6563
1207 2031
1208 8646
1209 16770
1210 1823
1211 1875
1212 1875
1213 6614
1214 12865
1215 1822
1216 1875
1217 1823
1218 6510
1219 1875
1220 1979
1221 1875
1222 8021
1223 7135
1224 1823
1225 1875
1226 1822
1227 6719
1228 6354
1229 1927
1230 1875
1231 1823
1232 6771
1233 14792
1234 1875
1235 1823
1236 1771
1237 7709
1238 1771
1239 1875
1240 1823
1241 6979
1242 6822
1243 1823
1244 1875
1245 1823
1246 6510
1247 6563
1248 1823
1249 1822
1250 1823
1251 12812
1252 12604
1253 1823
1254 1875
1255 6458
1256 6302
1257 1875
1258 1823
1259 1927
1260 6562
1261 6354
1262 1823
1263 2031
1264 1927
1265 6614
1266 19322
1267 1875
1268 1823
1269 1927
1270 6667
1271 12656
1272 1875
1273 1823
1274 7552
1275 6666
1276 1823
1277 1823
1278 1927
1279 6406
1280 7552
1281 1823
1282 1822
1283 1771
1284 6875
1285 6667
1286 1875
1287 1875
1288 1927
1289 7239
1290 12813
1291 1823
1292 1875
1293 11823
1294 6406
1295 1822
1296 1874
1297 1927
1298 6563
1299 8906
1300 1823
1301 1875
1302 1823
1303 6406
1304 6354
1305 1875
1306 1771
1307 1823
1308 2968
1309 1927
1310 9531
1311 6406
1312 1823
1313 1771
1314 1875
1315 6875
1316 6250
1317 1823
1318 1875
1319 1875
1320 7031
1321 6250
1322 19739
1323 1875
1324 1823
1325 13854
1326 1823
1327 1979
1328 1875
1329 6614
1330 6823
1331 1875
1332 1875
1333 1875
1334 6510
1335 7291
1336 1875
1337 1875
1338 1875
1339 6719
1340 6562
1341 1770
1342 3021
1343 2240
1344 12865
1345 1823
1346 1823
1347 1875
1348 6823
1349 6406
1350 1875
1351 1875
1352 1823
1353 6927
1354 6302
1355 1927
1356 1823
1357 1927
1358 6770
1359 6927
1360 1823
1361 1823
1362 1823
1363 12812
1364 1823
1365 1823
1366 1823
1367 7916
1368 6562
1369 1823
1370 1875
1371 1875
1372 6354
1373 6979
1374 1771
1375 1875
1376 1823
1377 6562
1378 6823
1379 1823
1380 1823
1381 6666
1382 12656
1383 1770
1384 1875
1385 1823
1386 7656
1387 6146
1388 1927
1389 1875
1390 1875
1391 9375
1392 6719
1393 1874
1394 1875
1395 4635
1396 6615
1397 6510
1398 1927
1399 3125
1400 6719
1401 6406
1402 1770
1403 1875
1404 1875
1405 7448
1406 6771
1407 1875
1408 1875
1409 7656
1410 1823
1411 1875
1412 1979
1413 6822
1414 15573
1415 1771
1416 1823
1417 7239
1418 17448
1419 1823
1420 1875
1421 1823
1422 6875
1423 6407
1424 1875
1425 1823
1426 1823
1427 9740
1428 6355
1429 1823
1430 1875
1431 1875
1432 6666
1433 1875
1434 1927
1435 1823
1436 6563
1437 7187
1438 1823
1439 1927
1440 1874
1441 6458
1442 7604
1443 1770
1444 1875
1445 1927
1446 6666
1447 6510
1448 1875
1449 1875
1450 1875
1451 6459
1452 1875
1453 1823
1454 1875
1455 6614
1456 12344
1457 1823
1458 1823
1459 1875
1460 6823
1461 6302
1462 1823
1463 1822
1464 1823
1465 8698
1466 9062
1467 2083
1468 1875
1469 1875
1470 6614
1471 1875
1472 1875
1473 1875
1474 6615
1475 6354
1476 1823
1477 1927
1478 1875
1479 7657
1480 6771
1481 1875
1482 1875
1483 1875
1484 8958
1485 6718
1486 1823
1487 1927
1488 1979
1489 6615
1490 1875
1491 1823
1492 1823
1493 7135
1494 7499
1495 1771
1496 1927
1497 1823
1498 24426
1499 6615
1500 1875
1501 1927
1502 1875
1503 6823
1504 6354
1505 1875
1506 1823
1507 6666
1508 6823
1509 1823
1510 7239
1511 7187
1512 1822
1513 3229
1514 1875
1515 6511
1516 7343
1517 1875
1518 1875
1519 1823
1520 6511
1521 6510
1522 1823
1523 1875
1524 6406
1525 6875
1526 1927
1527 1875
1528 1875
1529 7604
1530 8177
1531 1875
1532 1875
1533 1823
1534 6615
1535 21822
1536 1875
1537 1875
1538 1927
1539 8333
1540 6927
1541 1823
1542 1771
1543 6458
1544 6667
1545 1771
1546 1875
1547 1771
1548 6562
1549 6666
1550 1875
1551 1927
1552 1875
1553 6458
1554 6563
1555 1823
1556 1875
1557 1875
1558 6719
1559 1823
1560 1927
1561 1822
1562 6458
1563 7604
1564 1875
1565 1823
1566 1875
1567 6563
1568 6771
1569 1927
1570 1875
1571 1874
1572 9063
1573 6510
1574 1875
1575 1875
1576 1875
1577 6614
1578 1823
1579 1875
1580 1823
1581 6459
1582 6458
1583 1875
1584 1875
1585 1927
1586 6510
1587 6719
1588 2292
1589 1979
1590 1875
1591 6563
1592 6615
1593 1823
1594 1927
1595 1875
1596 6458
1597 1875
1598 1875
1599 1875
1600 6510
1601 14218
1602 1875
1603 1771
1604 1823
1605 7864
1606 6302
1607 1822
1608 1875
1609 1771
1610 7135
1611 1980
1612 1979
1613 6927
1614 1823
1615 1875
1616 1875
1617 13750
1618 6406
1619 1875
1620 1823
1621 1823
1622 9323
1623 8072
1624 1823
1625 1823
1626 1927
1627 6771
1628 6771
1629 1823
1630 1875
1631 6667
1632 6354
1633 1875
1634 1927
1635 1823
1636 12812
1637 6927
1638 1875
1639 1823
1640 1823
1641 7604
1642 7083
1643 1771
1644 1822
1645 1823
1646 7188
1647 7084
1648 1823
1649 1875
1650 18229
1651 6458
1652 1875
1653 1823
1654 2917
1655 13073
1656 6511
1657 1822
1658 1822
1659 1927
1660 6718
1661 11718
1662 1823
1663 1875
1664 1927
1665 6875
1666 6406
1667 1771
1668 1875
1669 6406
1670 6822
1671 1823
1672 1823
1673 1823
1674 13697
1675 6510
1676 1771
1677 1823
1678 1823
1679 7344
1680 6459
1681 1770
1682 1823
1683 1927
1684 6510
1685 1875
1686 1823
1687 1875
1688 8437
1689 6562
1690 1822
1691 1823
1692 1979
1693 12917
1694 6458
1695 1927
1696 1823
1697 1927
1698 7136
1699 6354
1700 1927
1701 1875
1702 1823
1703 10833
1704 1823
1705 1823
1706 1875
1707 6511
1708 6407
1709 1771
1710 1875
1711 1823
1712 2031
1713 1823
1714 1823
1715 6511
1716 6770
1717 1823
1718 1823
1719 18124
1720 6562
1721 1771
1722 1823
1723 31458
1724 7396
1725 6510
1726 3125
1727 1875
1728 1927
1729 15156
1730 6301
1731 1875
1732 1823
1733 1875
1734 8958
1735 6458
1736 1875
1737 1875
1738 1875
1739 6614
1740 1875
1741 1823
1742 1823
1743 18645
1744 13124
1745 1771
1746 1875
1747 20364
1748 6667
1749 6406
1750 1823
1751 1927
1752 1823
1753 6510
1754 7344
1755 1875
1756 1927
1757 8125
1758 6770
1759 1927
1760 1875
1761 1823
1762 6563
1763 13906
1764 1823
1765 1875
1766 1927
1767 6718
1768 6562
1769 1875
1770 1875
1771 1875
1772 6562
1773 6459
1774 1875
1775 1771
1776 9687
1777 8594
1778 1823
1779 1823
1780 1875
1781 6875
1782 12812
1783 1875
1784 1875
1785 1823
1786 6979
1787 7708
1788 1823
1789 1823
1790 2083
1791 7656
1792 6407
1793 1823
1794 1822
1795 7395
1796 6614
1797 1875
1798 1927
1799 1875
1800 6406
1801 12761
1802 1823
1803 1875
1804 1875
1805 6458
1806 6615
1807 1771
1808 1875
1809 1875
1810 22812
1811 1823
1812 1823
1813 7135
1814 1823
1815 1875
1816 1875
1817 13177
1818 6562
1819 1823
1820 1875
1821 1823
1822 6406
1823 6458
1824 1771
1825 1875
1826 1823
1827 6458
1828 1875
1829 1875
1830 1875
1831 6511
1832 7291
1833 2916
1834 1823
1835 1875
1836 13333
1837 6458
1838 1875
1839 1823
1840 1823
1841 6562
1842 6614
1843 1823
1844 1823
1845 1875
1846 8438
1847 1719
1848 1927
1849 3125
1850 6562
1851 6354
1852 1823
1853 1875
1854 1823
1855 12812
1856 6875
1857 1875
1858 1875
1859 1875
1860 6458
1861 6562
1862 1823
1863 1927
1864 1875
1865 6355
1866 1875
1867 1823
1868 1823
1869 6562
1870 6459
1871 1927
1872 1875
1873 1823
1874 15156
1875 6614
1876 1875
1877 1823
1878 1823
1879 6510
1880 17708
1881 1823
1882 1927
1883 6406
1884 6770
1885 1823
1886 1823
1887 1823
1888 6406
1889 6979
1890 1822
1891 1823
1892 1875
1893 13906
1894 6458
1895 1771
1896 1875
1897 1823
1898 6510
1899 6250
1900 1823
1901 1771
1902 6979
1903 6458
1904 1875
1905 1823
1906 1875
1907 8698
1908 10938
1909 1875
1910 1875
1911 1823
1912 13177
1913 9062
1914 2135
1915 8490
1916 6354
1917 1823
1918 1927
1919 6562
1920 7031
1921 1823
1922 1927
1923 1823
1924 6614
1925 6771
1926 1875
1927 1927
1928 1822
1929 12708
1930 7136
1931 1823
1932 1927
1933 1875
1934 6406
1935 1823
1936 1823
1937 1875
1938 9896
1939 6354
1940 1823
1941 1823
1942 1875
1943 6979
1944 6406
1945 1823
1946 1823
1947 1770
1948 17396
1949 6458
1950 1875
1951 1823
1952 1875
1953 7136
1954 1770
1955 1770
1956 1822
1957 6510
1958 18437
1959 1875
1960 1875
1961 1822
1962 6563
1963 7656
1964 1927
1965 1979
1966 1927
1967 13646
1968 6823
1969 1823
1970 1823
1971 1927
1972 6510
1973 1823
1974 1875
1975 1927
1976 7343
1977 6354
1978 1823
1979 1823
1980 1927
1981 7813
1982 6822
1983 2500
1984 1875
1985 1823
1986 13020
1987 6250
1988 2917
1989 1875
1990 1823
1991 7031
1992 1823
1993 1875
1994 1823
1995 6407
1996 7968
1997 1979
1998 1823
1999 1823
2000 8333
2001 6719
2002 1875
2003 1822
2004 1875
2005 12708
2006 8854
2007 1875
2008 1875
2009 6406
2010 6354
2011 1875
2012 1823
2013 1875
2014 6666
2015 1979
2016 1927
2017 7343
2018 6406
2019 1875
2020 1823
2021 1927
2022 13333
2023 6354
2024 1875
2025 1979
2026 6718
2027 7240
2028 1875
2029 1980
2030 1875
2031 7656
2032 7448
2033 1770
2034 1875
2035 1823
2036 18281
2037 7135
2038 1771
2039 1875
2040 1823
2041 12551
2042 6718
2043 1823
2044 1823
2045 6927
2046 6354
2047 1823
2048 1823
2049 1823
2050 6771
2051 6354
2052 1875
2053 1823
2054 1823
2055 8437
2056 7604
2057 1822
2058 1927
2059 1927
2060 13073
2061 1771
2062 1927
2063 1927
2064 6562
2065 7500
2066 1823
2067 1823
2068 1927
2069 6510
2070 6666
2071 1771
2072 1875
2073 1823
2074 6458
2075 6979
2076 1823
2077 1823
2078 1875
2079 12708
2080 1771
2081 1771
2082 1979
2083 8229
2084 7031
2085 1823
2086 1927
2087 1979
2088 7396
2089 6354
2090 1823
2091 1875
2092 1823
2093 6875
2094 7552
2095 1823
2096 1822
2097 1979
2098 7031
2099 1823
2100 1875
2101 1823
2102 6458
2103 6458
2104 1875
2105 3021
2106 1822
2107 6458
2108 6354
2109 1822
2110 1823
2111 1927
2112 6458
2113 26198
2114 1875
2115 1927
2116 2032
2117 1927
2118 1875
2119 6406
2120 6614
2121 1823
2122 1771
2123 1823
2124 6875
2125 6250
2126 1875
2127 1928
2128 1823
2129 6406
2130 12760
2131 1823
2132 1823
2133 6718
2134 6511
2135 1822
2136 1875
2137 1875
2138 6510
2139 6250
2140 1875
2141 1928
2142 1875
2143 6771
2144 6302
2145 1823
2146 1875
2147 1875
2148 6771
2149 25781
2150 1823
2151 1875
2152 6615
2153 15364
2154 1823
2155 1874
2156 1823
2157 8229
2158 6562
2159 1822
2160 1823
2161 1823
2162 6406
2163 6458
2164 1822
2165 1771
2166 1875
2167 6406
2168 12500
2169 1771
2170 1875
2171 6562
2172 6406
2173 1771
2174 3073
2175 1875
2176 6563
2177 6197
2178 1771
2179 1875
2180 1875
2181 6407
2182 34895
2183 1823
2184 1822
2185 1875
2186 6718
2187 1823
2188 1875
2189 1823
2190 18541
2191 6771
2192 1771
2193 1875
2194 1875
2195 12447
2196 6302
2197 1771
2198 1823
2199 1875
2200 6562
2201 6510
2202 1927
2203 1927
2204 1875
2205 6406
2206 1875
2207 1927
2208 1875
2209 6511
2210 6302
2211 5208
2212 1822
2213 1823
2214 6718
2215 8854
2216 1822
2217 7292
2218 6302
2219 1770
2220 1823
2221 1823
2222 7708
2223 1823
2224 1823
2225 1875
2226 8229
2227 6667
2228 1823
2229 1823
2230 1823
2231 6354
2232 6407
2233 1823
2234 1822
2235 1875
2236 6615
2237 7240
2238 1875
2239 1979
2240 1823
2241 6614
2242 1823
2243 1875
2244 1875
2245 6510
2246 6458
2247 1823
2248 1823
2249 1875
2250 8854
2251 6406
2252 1875
2253 1875
2254 1823
2255 9063
2256 6354
2257 1823
2258 1823
2259 6354
2260 6667
2261 1823
2262 1823
2263 1927
2264 6511
2265 6459
2266 1771
2267 1875
2268 1875
2269 6771
2270 6667
2271 1823
2272 17292
2273 1875
2274 6666
2275 6822
2276 1979
2277 1874
2278 6562
2279 7500
2280 1822
2281 1927
2282 1823
2283 6667
2284 6510
2285 1875
2286 1875
2287 1823
2288 8073
2289 6302
2290 1875
2291 1771
2292 1927
2293 6614
2294 6614
2295 1875
2296 1875
2297 6406
2298 6511
2299 1875
2300 1875
2301 1927
2302 6458
2303 6719
2304 1823
2305 1875
2306 1823
2307 7552
2308 6302
2309 1875
2310 1875
2311 1823
2312 7500
2313 1771
2314 1771
2315 1823
2316 7031
2317 6459
2318 1927
2319 6614
2320 7188
2321 1771
2322 1823
2323 1823
2324 9114
2325 7968
2326 1822
2327 1770
2328 1875
2329 6458
2330 1771
2331 1927
2332 2187
2333 9427
2334 6458
2335 1823
2336 1823
2337 1927
2338 6615
2339 8385
2340 1823
2341 1823
2342 1875
2343 8073
2344 6458
2345 1875
2346 1823
2347 1823
2348 9114
2349 1823
2350 1875
2351 1927
2352 6406
2353 8177
2354 1823
2355 1875
2356 1875
2357 6510
2358 15677
2359 1875
2360 1979
2361 1770
2362 6510
2363 6458
2364 1927
2365 1927
2366 1823
2367 7708
2368 1875
2369 1875
2370 1823
2371 6718
2372 7239
2373 1823
2374 1823
2375 1823
2376 6562
2377 6250
2378 1823
2379 1823
2380 3125
2381 8177
2382 7448
2383 1771
2384 1875
2385 6459
2386 6666
2387 1771
2388 1823
2389 1823
2390 6458
2391 6614
2392 1823
2393 2032
2394 1875
2395 6510
2396 6667
2397 1875
2398 1875
2399 1822
2400 11250
2401 7761
2402 1823
2403 2084
2404 7031
2405 6407
2406 1823
2407 1770
2408 1927
2409 7447
2410 6302
2411 1823
2412 1875
2413 1875
2414 9167
2415 6354
2416 1823
2417 1771
2418 1875
2419 1979
2420 1927
2421 7656
2422 6667
2423 1875
2424 1875
2425 1823
2426 6406
2427 7865
2428 1875
2429 1927
2430 1875
2431 6562
2432 7136
2433 1823
2434 1875
2435 1771
2436 8177
2437 1822
2438 1823
2439 1875
2440 13854
2441 6406
2442 1822
2443 1771
2444 1823
2445 6979
2446 6510
2447 1823
2448 1823
2449 2760
2450 6667
2451 6459
2452 1875
2453 1875
2454 1823
2455 6771
2456 1823
2457 1927
2458 1822
2459 6354
2460 6406
2461 1927
2462 1823
2463 1823
2464 6510
2465 6667
2466 1875
2467 1823
2468 1823
2469 6355
2470 6719
2471 1823
2472 1875
2473 1823
2474 7291
2475 1875
2476 1875
2477 1875
2478 7812
2479 6302
2480 1823
2481 1875
2482 2032
2483 6823
2484 6302
2485 1823
2486 1927
2487 1875
2488 6875
2489 6302
2490 1875
2491 1874
2492 1927
2493 8333
2494 1875
2495 1875
2496 1823
2497 6562
2498 7604
2499 1771
2500 1823
2501 1875
2502 7447
2503 6510
2504 1822
2505 1822
2506 3125
2507 6562
2508 6406
2509 1875
2510 1823
2511 6615
2512 6510
2513 1823
2514 1875
2515 1979
2516 8542
2517 6458
2518 1979
2519 1979
2520 7448
2521 1823
2522 1875
2523 1771
2524 7604
2525 6146
2526 1771
2527 1823
2528 6510
2529 7917
2530 1823
2531 1927
2532 1771
2533 6458
2534 6510
2535 1771
2536 1875
2537 1823
2538 6458
2539 6718
2540 1771
2541 1823
2542 19114
2543 6614
2544 7240
2545 1823
2546 1980
2547 6718
2548 6406
2549 1823
2550 1823
2551 1823
2552 6823
2553 6406
2554 1875
2555 1823
2556 1875
2557 6927
2558 6354
2559 1875
2560 1771
2561 1875
2562 6979
2563 8593
2564 1875
2565 1823
2566 6407
2567 7551
2568 1875
2569 1823
2570 1874
2571 6406
2572 13698
2573 1875
2574 1823
2575 2031
2576 6615
2577 6770
2578 1771
2579 1875
2580 1875
2581 6458
2582 1875
2583 1823
2584 1823
2585 7240
2586 6302
2587 1927
2588 1823
2589 1875
2590 6875
2591 12604
2592 1823
2593 1874
2594 1927
2595 6718
2596 6198
2597 1875
2598 1927
2599 1875
2600 6510
2601 1770
2602 1875
2603 1875
2604 6511
2605 12135
2606 1822
2607 1823
2608 1927
2609 6562
2610 12656
2611 1771
2612 1875
2613 1875
2614 6354
2615 6718
2616 1875
2617 1927
2618 1875
2619 7344
2620 1823
2621 6771
2622 6666
2623 1875
2624 1874
2625 1875
2626 12813
2627 7812
2628 1771
2629 1875
2630 1771
2631 6719
2632 6510
2633 1771
2634 1875
2635 6770
2636 7969
2637 1875
2638 1771
2639 1823
2640 6510
2641 6770
2642 1875
2643 1822
2644 1823
2645 20208
2646 6354
2647 1823
2648 1875
2649 1875
2650 6614
2651 18437
2652 1823
2653 1875
2654 6510
2655 6563
2656 1770
2657 1875
2658 1875
2659 6562
2660 8073
2661 1771
2662 1875
2663 1823
2664 12656
2665 8124
2666 1823
2667 1875
2668 1875
2669 6563
2670 6458
2671 1823
2672 1875
2673 6823
2674 6354
2675 1823
2676 1822
2677 1823
2678 7916
2679 7969
2680 1823
2681 1875
2682 1770
2683 13125
2684 7760
2685 1823
2686 1823
2687 1823
2688 7968
2689 1770
2690 1823
2691 1771
2692 7812
2693 6823
2694 1823
2695 1875
2696 1875
2697 7448
2698 6719
2699 1875
2700 1875
2701 1875
2702 12864
2703 7031
2704 1719
2705 1875
2706 1927
2707 7188
2708 1927
2709 1979
2710 1823
2711 7552
2712 6615
2713 1875
2714 3021
2715 1979
2716 6511
2717 6302
2718 1875
2719 1823
2720 1823
2721 14166
2722 1927
2723 1927
2724 7084
2725 1770
2726 1823
2727 1875
2728 7656
2729 20208
2730 1823
2731 1875
2732 1771
2733 9479
2734 6615
2735 1771
2736 1927
2737 1823
2738 12917
2739 7604
2740 1771
2741 1875
2742 1875
2743 6719
2744 1823
2745 1823
2746 1979
2747 7604
2748 7083
2749 1771
2750 1823
2751 1875
2752 7239
2753 6354
2754 1823
2755 18905
2756 1875
2757 12969
2758 6510
2759 1875
2760 1823
2761 6666
2762 7708
2763 1823
2764 1823
2765 1823
2766 6511
2767 8177
2768 1823
2769 1823
2770 1823
2771 8229
2772 7812
2773 1771
2774 1875
2775 1979
2776 6563
2777 7032
2778 1771
2779 1822
2780 7135
2781 6771
2782 1875
2783 1875
2784 6875
2785 6875
2786 6510
2787 1875
2788 1927
2789 1927
2790 6615
2791 6615
2792 1875
2793 1979
2794 1771
2795 7864
2796 6354
2797 1875
2798 1823
2799 7812
2800 6614
2801 1823
2802 1875
2803 1823
2804 6563
2805 6510
2806 1823
2807 1823
2808 1875
2809 6562
2810 11562
2811 1823
2812 1875
2813 1875
2814 8542
2815 1927
2816 1875
2817 1927
2818 6614
2819 6458
2820 1927
2821 1875
2822 1874
2823 1927
2824 1823
2825 1927
2826 6510
2827 7656
2828 1823
2829 1875
2830 1874
2831 6874
2832 1823
2833 1875
2834 1875
2835 6511
2836 6354
2837 1823
2838 1927
2839 1927
2840 6458
2841 6562
2842 1823
2843 1875
2844 1823
2845 11771
2846 6615
2847 1823
2848 1875
2849 1875
2850 12448
2851 1823
2852 1875
2853 1823
2854 6667
2855 6302
2856 1823
2857 1823
2858 1822
2859 6511
2860 7657
2861 1823
2862 1875
2863 1875
2864 6614
2865 6406
2866 1875
2867 1875
2868 1875
2869 6875
2870 1875
2871 1875
2872 1875
2873 8229
2874 6771
2875 1771
2876 1875
2877 1875
2878 6875
2879 7083
2880 1823
2881 3646
2882 1823
2883 6666
2884 19115
2885 1823
2886 1823
2887 7760
2888 6250
2889 1771
2890 1823
2891 1770
2892 10781
2893 7187
2894 1875
2895 1875
2896 1875
2897 8124
2898 6406
2899 1771
2900 1823
2901 1927
2902 6667
2903 6406
2904 1823
2905 1875
2906 6614
2907 6875
2908 1823
2909 1875
2910 1875
2911 8072
2912 7083
2913 1718
2914 1927
2915 1823
2916 6459
2917 6354
2918 1822
2919 1823
2920 1875
2921 7656
2922 7291
2923 1771
2924 9583
2925 2187
2926 1927
2927 1823
2928 6458
2929 7396
2930 1822
2931 1875
2932 1928
2933 6511
2934 6875
2935 1823
2936 1927
2937 1875
2938 6511
2939 1771
2940 1875
2941 1875
2942 7291
2943 6458
2944 1823
2945 1823
2946 1875
2947 7812
2948 6667
2949 1770
2950 1823
2951 1875
2952 6979
2953 6354
2954 1875
2955 1770
2956 1823
2957 7031
2958 1771
2959 1979
2960 1875
2961 21510
2962 8385
2963 1875
2964 1927
2965 1771
2966 9010
2967 8906
2968 27239
2969 1927
2970 1927
2971 11771
2972 8646
2973 1874
2974 1875
2975 3177
2976 6615
2977 1979
2978 1927
2979 1823
2980 7604
2981 6510
2982 1875
2983 1823
2984 1823
2985 6615
2986 6406
2987 1927
2988 1875
2989 1875
2990 6771
2991 6302
2992 1823
2993 1875
2994 1874
2995 8386
2996 1875
2997 1823
2998 1771
2999 6666
3000 6563
3001 1823
3002 1823
3003 1823
3004 6822
3005 6459
3006 1771
3007 1875
3008 1875
3009 6458
3010 9375
3011 1875
3012 1875
3013 6667
3014 6354
3015 1823
3016 1875
3017 2969
3018 6719
3019 6354
3020 1874
3021 1823
3022 1771
3023 6562
3024 6198
3025 1875
3026 8958
3027 6875
3028 1927
3029 1875
3030 6666
3031 6510
3032 1823
3033 1875
3034 1823
3035 6458
3036 6458
3037 1875
3038 1875
3039 1875
3040 6666
3041 9427
3042 1771
3043 1875
3044 1770
3045 7448
3046 6666
3047 1875
3048 1875
3049 7500
3050 7656
3051 1875
3052 1771
3053 1823
3054 6718
3055 13125
3056 1875
3057 1822
3058 17396
3059 6615
3060 6562
3061 1875
3062 15728
3063 1823
3064 6563
3065 1770
3066 1927
3067 1875
3068 6407
3069 6874
3070 1875
3071 1875
3072 1874
3073 6510
3074 7656
3075 1875
3076 2188
3077 1927
3078 6563
3079 6823
3080 1927
3081 1927
3082 1823
3083 6459
3084 1927
3085 1823
3086 1875
3087 13124
3088 25000
3089 1875
3090 1875
3091 1823
3092 7188
3093 6458
3094 1875
3095 1875
3096 1823
3097 13177
3098 6406
3099 1823
3100 1875
3101 1874
3102 6511
3103 1823
3104 1875
3105 1875
3106 12708
3107 6511
3108 1875
3109 1927
3110 1823
3111 6458
3112 6458
3113 1823
3114 1875
3115 1875
3116 16354
3117 6615
3118 1771
3119 1927
3120 1875
3121 10416
3122 1875
3123 1823
3124 1875
3125 13124
3126 2031
3127 1823
3128 6719
3129 6511
3130 1823
3131 2917
3132 1771
3133 7917
3134 7500
3135 1875
3136 1875
3137 14635
3138 6615
3139 1875
3140 1822
3141 1875
3142 7761
3143 7084
3144 1875
3145 1875
3146 1927
3147 7031
3148 6562
3149 1822
3150 1875
3151 1823
3152 7344
3153 6771
3154 1823
3155 1823
3156 6563
3157 6302
3158 1771
3159 1822
3160 1822
3161 6666
3162 7187
3163 1771
3164 1875
3165 1875
3166 7343
3167 6562
3168 1771
3169 1823
3170 1771
3171 6615
3172 6615
3173 1875
3174 1875
3175 6667
3176 6354
3177 1875
3178 1823
3179 1927
3180 6719
3181 6615
3182 1927
3183 1874
3184 1875
3185 25416
3186 6666
3187 1875
3188 1875
3189 1823
3190 8020
3191 1874
3192 1875
3193 1875
3194 6563
3195 7032
3196 1770
3197 1875
3198 1927
3199 6615
3200 6823
3201 1823
3202 1875
3203 1875
3204 6562
3205 8021
3206 1771
3207 1875
3208 1875
3209 7969
3210 1823
3211 1823
3212 1927
3213 7031
3214 10625
3215 1875
3216 1927
3217 1875
3218 7031
3219 6354
3220 1823
3221 1875
3222 1771
3223 6667
3224 6406
3225 1979
3226 1823
3227 1927
3228 1927
3229 1875
3230 6510
3231 7031
3232 1823
3233 1874
3234 1875
3235 6458
3236 6510
3237 1875
3238 1823
3239 1823
3240 6510
3241 6510
3242 19010
3243 1927
3244 1823
3245 7292
3246 1927
3247 1874
3248 1875
3249 7291
3250 6406
3251 1822
3252 1874
3253 1823
3254 7240
3255 6406
3256 1875
3257 1822
3258 1823
3259 6562
3260 10937
3261 1823
3262 1927
3263 6667
3264 6718
3265 1771
3266 1823
3267 1875
3268 7917
3269 8437
3270 1823
3271 1979
3272 1875
3273 8333
3274 8020
3275 5885
3276 1875
3277 1823
3278 8229
3279 6771
3280 1823
3281 1928
3282 7865
3283 6511
3284 1823
3285 1875
3286 1927
3287 6719
3288 7292
3289 1823
3290 1822
3291 1875
3292 6927
3293 6458
3294 1875
3295 1822
3296 1875
3297 6771
3298 6250
3299 1823
3300 1823
3301 6458
3302 10312
3303 1823
3304 1875
3305 1927
3306 6562
3307 6354
3308 2136
3309 1874
3310 1771
3311 6979
3312 6719
3313 1770
3314 1875
3315 1875
3316 6562
3317 1979
3318 1927
3319 1875
3320 10781
3321 6458
3322 1927
3323 1823
3324 1823
3325 9219
3326 7968
3327 1874
3328 9167
3329 6302
3330 1823
3331 1822
3332 1927
3333 7031
3334 1823
3335 1875
3336 1875
3337 6719
3338 7604
3339 1875
3340 1927
3341 1823
3342 14062
3343 8385
3344 1823
3345 1823
3346 1823
3347 7344
3348 16926
3349 1823
3350 1927
3351 1771
3352 6406
3353 1822
3354 1823
3355 1823
3356 8281
3357 6354
3358 1822
3359 1823
3360 1927
3361 6719
3362 7292
3363 1823
3364 1823
3365 2083
3366 6719
3367 13906
3368 1823
3369 1823
3370 2656
3371 7343
3372 1823
3373 1875
3374 1927
3375 6354
3376 6614
3377 3073
3378 1927
3379 1770
3380 6927
3381 15052
3382 1823
3383 1823
3384 1823
3385 6511
3386 7969
3387 1823
3388 1822
3389 6719
3390 6511
3391 1823
3392 1823
3393 1875
3394 6770
3395 7396
3396 1823
3397 1875
3398 1875
3399 6719
3400 12656
3401 1875
3402 1823
3403 1823
3404 6615
3405 6250
3406 1875
3407 1771
3408 6511
3409 7344
3410 1771
3411 1875
3412 1927
3413 6510
3414 6614
3415 1771
3416 1875
3417 1875
3418 8073
3419 12760
3420 1771
3421 1927
3422 2969
3423 8385
3424 7239
3425 1823
3426 1927
3427 6771
3428 6614
3429 1979
3430 6718
3431 9948
3432 1823
3433 1927
3434 1823
3435 12917
3436 8281
3437 1823
3438 1875
3439 1875
3440 7396
3441 1875
3442 1875
3443 1823
3444 9011
3445 6875
3446 1875
3447 1823
3448 1822
3449 6511
3450 6354
3451 1875
3452 1823
3453 1979
3454 7500
3455 6510
3456 1823
3457 1823
3458 1927
3459 8073
3460 1771
3461 1875
3462 1771
3463 6562
3464 7031
3465 1823
3466 1875
3467 1875
3468 6354
3469 6666
3470 1771
3471 1875
3472 1823
3473 6562
3474 8281
3475 1875
3476 1823
3477 1875
3478 7968
3479 1823
3480 1875
3481 1928
3482 6510
3483 11510
3484 1875
3485 1823
3486 1823
3487 6823
3488 6719
3489 1823
3490 1823
3491 1771
3492 7239
3493 7239
3494 1875
3495 1979
3496 1875
3497 6614
3498 1771
3499 1875
3500 1875
3501 7604
3502 8489
3503 1771
3504 1875
3505 1875
3506 6563
3507 13646
3508 1823
3509 1875
3510 1875
3511 6458
3512 6614
3513 1875
3514 1875
3515 6666
3516 6562
3517 1823
3518 1771
3519 1875
3520 6562
3521 6406
3522 1823
3523 1875
3524 1771
3525 6614
3526 6302
3527 1875
3528 1771
3529 1823
3530 3125
3531 1875
3532 7708
3533 7812
3534 1875
3535 1875
3536 1875
3537 6458
3538 6511
3539 1875
3540 1875
3541 1875
3542 6354
3543 6510
3544 1875
3545 1927
3546 1823
3547 26718
3548 8229
3549 1823
3550 1927
3551 7188
3552 6406
3553 1875
3554 1927
3555 1875
3556 6875
3557 7239
3558 1822
3559 1875
3560 1875
3561 6771
3562 6302
3563 1823
3564 1927
3565 1875
3566 9114
3567 1771
3568 1875
3569 1823
3570 6511
3571 6459
3572 1823
3573 1875
3574 1875
3575 8124
3576 7187
3577 5625
3578 1875
3579 1875
3580 6562
3581 7083
3582 1823
3583 1823
3584 1823
3585 6562
3586 1875
3587 1875
3588 1875
3589 11093
3590 6458
3591 1823
3592 3125
3593 1875
3594 6666
3595 6458
3596 1823
3597 1823
3598 1823
3599 6770
3600 6302
3601 1823
3602 1823
3603 1875
3604 6667
3605 2916
3606 1823
3607 1927
3608 6562
3609 7396
3610 1927
3611 1875
3612 1823
3613 8437
3614 6719
3615 1823
3616 1875
3617 1875
3618 6927
3619 6458
3620 1927
3621 1875
3622 1823
3623 6458
3624 1875
3625 1770
3626 1927
3627 7083
3628 6354
3629 1823
3630 1823
3631 7604
3632 1770
3633 1875
3634 21718
3635 8490
3636 14374
3637 1927
3638 1927
3639 7916
3640 6354
3641 1823
3642 1875
3643 1823
3644 6823
3645 8125
3646 1875
3647 1823
3648 1927
3649 6771
3650 6354
3651 1823
3652 1875
3653 1927
3654 19270
3655 12552
3656 1927
3657 1875
3658 6510
3659 6354
3660 1770
3661 1875
3662 1823
3663 6875
3664 6563
3665 1875
3666 1875
3667 1927
3668 6510
3669 6823
3670 1823
3671 1979
3672 1875
3673 7916
3674 13125
3675 1771
3676 1875
3677 6562
3678 6198
3679 1875
3680 1823
3681 1875
3682 6719
3683 6198
3684 1927
3685 1823
3686 1823
3687 6719
3688 6406
3689 1822
3690 1875
3691 1823
3692 6666
3693 1823
3694 1823
3695 1927
3696 6354
3697 6407
3698 1771
3699 1823
3700 1927
3701 6614
3702 6667
3703 1875
3704 1927
3705 1823
3706 7448
3707 6459
3708 1875
3709 1875
3710 1823
3711 6458
3712 1823
3713 1875
3714 1875
3715 6354
3716 7083
3717 1875
3718 1771
3719 1823
3720 7708
3721 6719
3722 1875
3723 1927
3724 1823
3725 8333
3726 7291
3727 1875
3728 1771
3729 1823
3730 6926
3731 1823
3732 18385
3733 9531
3734 1823
3735 1823
3736 1823
3737 6510
3738 7083
3739 1823
3740 1875
3741 1823
3742 7552
3743 9271
3744 1823
3745 1979
3746 1823
3747 6510
3748 1823
3749 1875
3750 1875
3751 6719
3752 12396
3753 1823
3754 1875
3755 1823
3756 7968
3757 6302
3758 1875
3759 1823
3760 1875
3761 6615
3762 6354
3763 1927
3764 1927
3765 6927
3766 6667
3767 1823
3768 1823
3769 1771
3770 6458
3771 6927
3772 1823
3773 1875
3774 1771
3775 6562
3776 6666
3777 1823
3778 1875
3779 1927
3780 6510
3781 6406
3782 1823
3783 1875
3784 6510
3785 7813
3786 1822
3787 1823
3788 1927
3789 9375
3790 6458
3791 1875
3792 1823
3793 1875
3794 15624
3795 7136
3796 1770
3797 1822
3798 1927
3799 6614
3800 6458
3801 1927
3802 1823
3803 6458
3804 6562
3805 1823
3806 1927
3807 1875
3808 6511
3809 7187
3810 1823
3811 1875
3812 1875
3813 6458
3814 7500
3815 1771
3816 1875
3817 1822
3818 6562
3819 1823
3820 2291
3821 3020
3822 19843
3823 6406
3824 1823
3825 1927
3826 1823
3827 7239
3828 6667
3829 1875
3830 1823
3831 1875
3832 8698
3833 1979
3834 1875
3835 6615
3836 1823
3837 1875
3838 1823
3839 14427
3840 6458
3841 1875
3842 1823
3843 1875
3844 6666
3845 6979
3846 1875
3847 1823
3848 1875
3849 10833
3850 6719
3851 1771
3852 1823
3853 1980
3854 6562
3855 1875
3856 1875
3857 1875
3858 12916
3859 6458
3860 1875
3861 1771
3862 1875
3863 6614
3864 6666
3865 1875
3866 1823
3867 1823
3868 7031
3869 7969
3870 1823
3871 1928
3872 1875
3873 6927
3874 1875
3875 1927
3876 1928
3877 12552
3878 6666
3879 1875
3880 1927
3881 1822
3882 6823
3883 7031
3884 1875
3885 1875
3886 1927
3887 18020
3888 6771
3889 1771
3890 1874
3891 6718
3892 6459
3893 1823
3894 1875
3895 1875
3896 14583
3897 6354
3898 1823
3899 1822
3900 1927
3901 8073
3902 6458
3903 1822
3904 1875
3905 1875
3906 6927
3907 6458
3908 1823
3909 1875
3910 6667
3911 6458
3912 1874
3913 1823
3914 1823
3915 12864
3916 6719
3917 1875
3918 1927
3919 1875
3920 6459
3921 8594
3922 1875
3923 1823
3924 2343
3925 7656
3926 9166
3927 1823
3928 1823
3929 8541
3930 6562
3931 1823
3932 1927
3933 1823
3934 2083
3935 1823
3936 1875
3937 7604
3938 10521
3939 1770
3940 1927
3941 1823
3942 6719
3943 1823
3944 1823
3945 1875
3946 6614
3947 6406
3948 1770
3949 2344
3950 1927
3951 6718
3952 6666
3953 1875
3954 1875
3955 1823
3956 6979
3957 14739
3958 1875
3959 1875
3960 1875
3961 7761
3962 1875
3963 1823
3964 1875
3965 6718
3966 7813
3967 1823
3968 1875
3969 1823
3970 6458
3971 6614
3972 1875
3973 1875
3974 16458
3975 6667
3976 6823
3977 1771
3978 1823
3979 1771
3980 6406
3981 1823
3982 1979
3983 1927
3984 7343
3985 6406
3986 1823
3987 1927
3988 1875
3989 8385
3990 7813
3991 1927
3992 1875
3993 1875
3994 6510
3995 6250
3996 1875
3997 1823
3998 1875
3999 13541
4000 1823
4001 1875
4002 1823
4003 6510
4004 12500
4005 1875
4006 1875
4007 1875
4008 6718
4009 6771
4010 1771
4011 1875
4012 1823
4013 6563
4014 6459
4015 1875
4016 1875
4017 7709
4018 6771
4019 1823
4020 1771
4021 1875
4022 6614
4023 6250
4024 1823
4025 1875
4026 1823
4027 9271
4028 6563
4029 1875
4030 1823
4031 1875
4032 7499
4033 6510
4034 1823
4035 24583
4036 1823
4037 1927
4038 1875
4039 11511
4040 6927
4041 1875
4042 1979
4043 1823
4044 6667
4045 6771
4046 1823
4047 1823
4048 1822
4049 6406
4050 6562
4051 1875
4052 1822
4053 6614
4054 6458
4055 1823
4056 1927
4057 1875
4058 6927
4059 6354
4060 1823
4061 1771
4062 1823
4063 7240
4064 16302
4065 1875
4066 3073
4067 1980
4068 8489
4069 1823
4070 1927
4071 1875
4072 6458
4073 7448
4074 1822
4075 1823
4076 1771
4077 6302
4078 6458
4079 1875
4080 1823
4081 1823
4082 6510
4083 8958
4084 1875
4085 1875
4086 1823
4087 7709
4088 1822
4089 1979
4090 1823
4091 6563
4092 6354
4093 1823
4094 1875
4095 1875
4096 21719
4097 6458
4098 1875
4099 1823
4100 1927
4101 6875
4102 6458
4103 1823
4104 1823
4105 1823
4106 6823
4107 1823
4108 1927
4109 1875
4110 7291
4111 6510
4112 1823
4113 1823
4114 1823
4115 6511
4116 6302
4117 1875
4118 1822
4119 1823
4120 6562
4121 16510
4122 1875
4123 1875
4124 1822
4125 6927
4126 1875
4127 1875
4128 1875
4129 7083
4130 6562
4131 1823
4132 1928
4133 1927
4134 6614
4135 6302
4136 1979
4137 6614
4138 7708
4139 1875
4140 1979
4141 7447
4142 6666
4143 1927
4144 1823
4145 1823
4146 6718
4147 6562
4148 1823
4149 1875
4150 1875
4151 13750
4152 6407
4153 1875
4154 1927
4155 1875
4156 6458
4157 6614
4158 1927
4159 1823
4160 7709
4161 6459
4162 1875
4163 1823
4164 1823
4165 6511
4166 6823
4167 1823
4168 1875
4169 1875
4170 12864
4171 7240
4172 1718
4173 1823
4174 1823
4175 6459
4176 6875
4177 1823
4178 1771
4179 6614
4180 6406
4181 1823
4182 1875
4183 1875
4184 8958
4185 8125
4186 1927
4187 1927
4188 1875
4189 7135
4190 6354
4191 1823
4192 1875
4193 1979
4194 6822
4195 1823
4196 1823
4197 1823
4198 6458
4199 6667
4200 1823
4201 1875
4202 1770
4203 9167
4204 15416
4205 1875
4206 1875
4207 2031
4208 7656
4209 8229
4210 1771
4211 1822
4212 1823
4213 7240
4214 1823
4215 1823
4216 1927
4217 7812
4218 7656
4219 1823
4220 1875
4221 1875
4222 8385
4223 8229
4224 1771
4225 1823
4226 1927
4227 6615
4228 6354
4229 1823
4230 1823
4231 1875
4232 6511
4233 1771
4234 1875
4235 1771
4236 6875
4237 2031
4238 1823
4239 6614
4240 6771
4241 1822
4242 1979
4243 1927
4244 13176
4245 6979
4246 1875
4247 1823
4248 1979
4249 6406
4250 1823
4251 1875
4252 1927
4253 8177
4254 6354
4255 1771
4256 1823
4257 1875
4258 6510
4259 6302
4260 1875
4261 1823
4262 1875
4263 7031
4264 6302
4265 1822
4266 2865
4267 6459
4268 6927
4269 1771
4270 1823
4271 1771
4272 6406
4273 6614
4274 1875
4275 1875
4276 1875
4277 6459
4278 6614
4279 1927
4280 1927
4281 1875
4282 7916
4283 6718
4284 1875
4285 1927
4286 14687
4287 6406
4288 1823
4289 1823
4290 1823
4291 6823
4292 6197
4293 1875
4294 1823
4295 1875
4296 6459
4297 6250
4298 1875
4299 2916
4300 1823
4301 8802
4302 8385
4303 1823
4304 1875
4305 6302
4306 7761
4307 1771
4308 7031
4309 1874
4310 6458
4311 8281
4312 1875
4313 1875
4314 1823
4315 6354
4316 6302
4317 1874
4318 1875
4319 1823
4320 6615
4321 1875
4322 1875
4323 3385
4324 7083
4325 6250
4326 1874
4327 1875
4328 1927
4329 6510
4330 6302
4331 1822
4332 1771
4333 1927
4334 6615
4335 6354
4336 1875
4337 1927
4338 1979
4339 15573
4340 1927
4341 7709
4342 6458
4343 1823
4344 1875
4345 1823
4346 8073
4347 6770
4348 1875
4349 1823
4350 1822
4351 7552
4352 6354
4353 1770
4354 1875
4355 1875
4356 6406
4357 1823
4358 1823
4359 1875
4360 8437
4361 7552
4362 1875
4363 1875
4364 1875
4365 7031
4366 6458
4367 1770
4368 1823
4369 1927
4370 6666
4371 6249
4372 1927
4373 1771
4374 1823
4375 6927
4376 1823
4377 1875
4378 1875
4379 6458
4380 8020
4381 1823
4382 1927
4383 1823
4384 6406
4385 6458
4386 1771
4387 1822
4388 1823
4389 6458
4390 6562
4391 1823
4392 2968
4393 6874
4394 6302
4395 1875
4396 1875
4397 1927
4398 7083
4399 6667
4400 1823
4401 1927
4402 1823
4403 6459
4404 6354
4405 1875
4406 1875
4407 1875
4408 8020
4409 10573
4410 1927
4411 1823
4412 8698
4413 8021
4414 1875
4415 1771
4416 1875
4417 6406
4418 6823
4419 1823
4420 1875
4421 1875
4422 7604
4423 6823
4424 1823
4425 1875
4426 1823
4427 6406
4428 17551
4429 1822
4430 1875
4431 6510
4432 6250
4433 1979
4434 1823
4435 1823
4436 6875
4437 6510
4438 1927
4439 7292
4440 7969
4441 1823
4442 1927
4443 1823
4444 6563
4445 1875
4446 2239
4447 1875
4448 7969
4449 13959
4450 1823
4451 1822
4452 1875
4453 9531
4454 6979
4455 1823
4456 1823
4457 1770
4458 7240
4459 7448
4460 5729
4461 1875
4462 1823
4463 6875
4464 1823
4465 1875
4466 1875
4467 9010
4468 7343
4469 1875
4470 1875
4471 3020
4472 6563
4473 6354
4474 1770
4475 1875
4476 1927
4477 6562
4478 7136
4479 1823
4480 1823
4481 1875
4482 6406
4483 1771
4484 1875
4485 1875
4486 6666
4487 6198
4488 1823
4489 1823
4490 1875
4491 11667
4492 6459
4493 1875
4494 1875
4495 1875
4496 6563
4497 6927
4498 1823
4499 1771
4500 2968
4501 6823
4502 1823
4503 1770
4504 1822
4505 17239
4506 6562
4507 1823
4508 1875
4509 1823
4510 6510
4511 6718
4512 1823
4513 1875
4514 1823
4515 7188
4516 7656
4517 1875
4518 1823
4519 6406
4520 7240
4521 1823
4522 1822
4523 1875
4524 8750
4525 6354
4526 1823
4527 1875
4528 1875
4529 21666
4530 6562
4531 1875
4532 1823
4533 1823
4534 7031
4535 9479
4536 1927
4537 1875
4538 6510
4539 9844
4540 1979
4541 6458
4542 8229
4543 1875
4544 1875
4545 1823
4546 6458
4547 6927
4548 1823
4549 1875
4550 1823
4551 6875
4552 6823
4553 1771
4554 1875
4555 6875
4556 6458
4557 1823
4558 1875
4559 1875
4560 7291
4561 6302
4562 1875
4563 1823
4564 2239
4565 9427
4566 6302
4567 1823
4568 1875
4569 1875
4570 8542
4571 1823
4572 1875
4573 1875
4574 13124
4575 6771
4576 1875
4577 1823
4578 1823
4579 6406
4580 37551
4581 1771
4582 1875
4583 1875
4584 6770
4585 6459
4586 1927
4587 1875
4588 1875
4589 6563
4590 1875
4591 1771
4592 1823
4593 12708
4594 6511
4595 1770
4596 1770
4597 1823
4598 6771
4599 6563
4600 3125
4601 1875
4602 1875
4603 6666
4604 6302
4605 1823
4606 1823
4607 1875
4608 6875
4609 1823
4610 1875
4611 1823
4612 12812
4613 24740
4614 1823
4615 1927
4616 1822
4617 7969
4618 6615
4619 1823
4620 1875
4621 1823
4622 6510
4623 6666
4624 1823
4625 1823
4626 1875
4627 6406
4628 1822
4629 1823
4630 1875
4631 12813
4632 6302
4633 1823
4634 1875
4635 1875
4636 6771
4637 6198
4638 1822
4639 1875
4640 1875
4641 1979
4642 1875
4643 6719
4644 6718
4645 1823
4646 1823
4647 1823
4648 6615
4649 6354
4650 1875
4651 1823
4652 1927
4653 6823
4654 17239
4655 1875
4656 1823
4657 1927
4658 6719
4659 6406
4660 1823
4661 1875
4662 6458
4663 6770
4664 1875
4665 1823
4666 1875
4667 6718
4668 7187
4669 1823
4670 1875
4671 1875
4672 6354
4673 6666
4674 1823
4675 1875
4676 1823
4677 6666
4678 6406
4679 1927
4680 1927
4681 6615
4682 6302
4683 1823
4684 1771
4685 1823
4686 6615
4687 6250
4688 1823
4689 1823
4690 1823
4691 7760
4692 6719
4693 1875
4694 1770
4695 1823
4696 13749
4697 1823
4698 1875
4699 1875
4700 7291
4701 7813
4702 1822
4703 1927
4704 1823
4705 6510
4706 6823
4707 1823
4708 1875
4709 1823
4710 6823
4711 6770
4712 1771
4713 1875
4714 1823
4715 6510
4716 1823
4717 1875
4718 1823
4719 6875
4720 6458
4721 1823
4722 1875
4723 1875
4724 6875
4725 6406
4726 2969
4727 1875
4728 1875
4729 6354
4730 6459
4731 1875
4732 1823
4733 1875
4734 6562
4735 1823
4736 1823
4737 1927
4738 11406
4739 8125
4740 1822
4741 1875
4742 7187
4743 1875
4744 1875
4745 1875
4746 6458
4747 7343
4748 1771
4749 1771
4750 1927
4751 6406
4752 1875
4753 1875
4754 1927
4755 7135
4756 6302
4757 1823
4758 1823
4759 1822
4760 6771
4761 6302
4762 1823
4763 1875
4764 1875
4765 7552
4766 6354
4767 1927
4768 1823
4769 6562
4770 6510
4771 18750
4772 1823
4773 1875
4774 7656
4775 6615
4776 1823
4777 1823
4778 1875
4779 6770
4780 6979
4781 1771
4782 1875
4783 1875
4784 7499
4785 7969
4786 1823
4787 1875
4788 6458
4789 6354
4790 1823
4791 1770
4792 1822
4793 7604
4794 6510
4795 1822
4796 1875
4797 1875
4798 7552
4799 6510
4800 1927
4801 1927
4802 1823
4803 7447
4804 6563
4805 1875
4806 1875
4807 6406
4808 7343
4809 1823
4810 1875
4811 2500
4812 6615
4813 6562
4814 1875
4815 1875
4816 1823
4817 6614
4818 9792
4819 1771
4820 1927
4821 1875
4822 7135
4823 1822
4824 1823
4825 1875
4826 8542
4827 8854
4828 1875
4829 1875
4830 1823
4831 7447
4832 13698
4833 1823
4834 1927
4835 1874
4836 7031
4837 6407
4838 1927
4839 1875
4840 1875
4841 10469
4842 1823
4843 7031
4844 7968
4845 1875
4846 1875
4847 1875
4848 6406
4849 12916
4850 1875
4851 1875
4852 1823
4853 6458
4854 7135
4855 1770
4856 1875
4857 1822
4858 7500
4859 1823
4860 3177
4861 1823
4862 6667
4863 6302
4864 1823
4865 1875
4866 1875
4867 6875
4868 12500
4869 1823
4870 1875
4871 1875
4872 6615
4873 7343
4874 1822
4875 1875
4876 1823
4877 6875
4878 1823
4879 1875
4880 1823
4881 6406
4882 6771
4883 1771
4884 1823
4885 1823
4886 6511
4887 12865
4888 1823
4889 1875
4890 1927
4891 7708
4892 7395
4893 1823
4894 1927
4895 6875
4896 6250
4897 1874
4898 1875
4899 1875
4900 6770
4901 11927
4902 1823
4903 1823
4904 1823
4905 6562
4906 12499
4907 1823
4908 1823
4909 1823
4910 6666
4911 6249
4912 1875
4913 1771
4914 6354
4915 8906
4916 1823
4917 1823
4918 1875
4919 6875
4920 7500
4921 1875
4922 1927
4923 1823
4924 6667
4925 14895
4926 1823
4927 1823
4928 1823
4929 6354
4930 7448
4931 1771
4932 1875
4933 7291
4934 6407
4935 1823
4936 1823
4937 1771
4938 6563
4939 7760
4940 1875
4941 1875
4942 1822
4943 13958
4944 1927
4945 1927
4946 6614
4947 1927
4948 1875
4949 1927
4950 6770
4951 6406
4952 1875
4953 1927
4954 1875
4955 6562
4956 6458
4957 1927
4958 1875
4959 1875
4960 13072
4961 6458
4962 1875
4963 1875
4964 1823
4965 6874
4966 1823
4967 1875
4968 1770
4969 7969
4970 6562
4971 1823
4972 1875
4973 1875
4974 6458
4975 7135
4976 1823
4977 1875
4978 17344
4979 12968
4980 6510
4981 1823
4982 1927
4983 1875
4984 7968
4985 1927
4986 1823
4987 1875
4988 6458
4989 6302
4990 1875
4991 1823
4992 1823
4993 6823
4994 6458
4995 1875
4996 1823
4997 1823
4998 15208
4999 6406
5000 1823
5001 1875
5002 2031
5003 10417
5004 1822
5005 1875
5006 1875
5007 10468
5008 6719
5009 1771
5010 1875
5011 1979
5012 6511
5013 8594
5014 1875
5015 1875
5016 1823
5017 6458
5018 6771
5019 1875
5020 1875
5021 6979
5022 6302
5023 2032
5024 1823
5025 1874
5026 7031
5027 6302
5028 1771
5029 1719
5030 1823
5031 7657
5032 6354
5033 1875
5034 1875
5035 2917
5036 7291
5037 6302
5038 1823
5039 1875
5040 10312
5041 6406
5042 1823
5043 1927
5044 1927
5045 1980
5046 3125
5047 1823
5048 7604
5049 8698
5050 1823
5051 1823
5052 1823
5053 7136
5054 8958
5055 1875
5056 1928
5057 7344
5058 6354
5059 1875
5060 1927
5061 1875
5062 7188
5063 6302
5064 1927
5065 1875
5066 1823
5067 8229
5068 6511
5069 1875
5070 1875
5071 1927
5072 6719
5073 1823
5074 1823
5075 1875
5076 7343
5077 7499
5078 1771
5079 1927
5080 1823
5081 6406
5082 6615
5083 1823
5084 1927
5085 1822
5086 7395
5087 6615
5088 1875
5089 1823
5090 1927
5091 6301
5092 1823
5093 1875
5094 1771
5095 6823
5096 6302
5097 1823
5098 1875
5099 1875
5100 6458
5101 6302
5102 1823
5103 1875
5104 1718
5105 33958
5106 10886
5107 1823
5108 1823
5109 1823
5110 7291
5111 1771
5112 1927
5113 1823
5114 6458
5115 6875
5116 1875
5117 1927
5118 1875
5119 6406
5120 6979
5121 1823
5122 1875
5123 1875
5124 6458
5125 6354
5126 1875
5127 1875
5128 1875
5129 6458
5130 1875
5131 1771
5132 1875
5133 6666
5134 6458
5135 1823
5136 1771
5137 1875
5138 7031
5139 6302
5140 1823
5141 1875
5142 1927
5143 6563
5144 7292
5145 1927
5146 13177
5147 1823
5148 1875
5149 1927
5150 7083
5151 6354
5152 1823
5153 1874
5154 1875
5155 7031
5156 6510
5157 1770
5158 1823
5159 1875
5160 6666
5161 14010
5162 1927
5163 1875
5164 7917
5165 6510
5166 1770
5167 1823
5168 1771
5169 6406
5170 6563
5171 1823
5172 1823
5173 1823
5174 6458
5175 6510
5176 1771
5177 1875
5178 1823
5179 6406
5180 13386
5181 1875
5182 1823
5183 6719
5184 6511
5185 1875
5186 1823
5187 1823
5188 11979
5189 6302
5190 1823
5191 1823
5192 18124
5193 6510
5194 6354
5195 1823
5196 15989
5197 1875
5198 18072
5199 1823
5200 1928
5201 1822
5202 6354
5203 6770
5204 1822
5205 1875
5206 1875
5207 7552
5208 7552
5209 1771
5210 1823
5211 2344
5212 7500
5213 6718
5214 1823
5215 1875
5216 1771
5217 6771
5218 1822
5219 1771
5220 1823
5221 6666
5222 6614
5223 1823
5224 1771
5225 1927
5226 6614
5227 6302
5228 1822
5229 1979
5230 1822
5231 6510
5232 8959
5233 1823
5234 1771
5235 1823
5236 6719
5237 1875
5238 1875
5239 1928
5240 6511
5241 8645
5242 1823
5243 1927
5244 1875
5245 7240
5246 6302
5247 2135
5248 6562
5249 6718
5250 1823
5251 1823
5252 1927
5253 6406
5254 1927
5255 1875
5256 1823
5257 21822
5258 7135
5259 1875
5260 1771
5261 1875
5262 6458
5263 6145
5264 1875
5265 1823
5266 1875
5267 6927
5268 6406
5269 1823
5270 1823
5271 6458
5272 6302
5273 1823
5274 1927
5275 1823
5276 21823
5277 7291
5278 1770
5279 1875
5280 1875
5281 6719
5282 6666
5283 1875
5284 1927
5285 1822
5286 25520
5287 6875
5288 1823
5289 1823
5290 6927
5291 6562
5292 1823
5293 1927
5294 1823
5295 6459
5296 6354
5297 1875
5298 1875
5299 1927
5300 6614
5301 6250
5302 1875
5303 1875
5304 1823
5305 8854
5306 7865
5307 1875
5308 2239
5309 15416
5310 7968
5311 1823
5312 1927
5313 1822
5314 6510
5315 7083
5316 1875
5317 1875
5318 1875
5319 6771
5320 6823
5321 1771
5322 1927
5323 1822
5324 6563
5325 1771
5326 1875
5327 1875
5328 14948
5329 6510
5330 1875
5331 1823
5332 1927
5333 6927
5334 6354
5335 1823
5336 1875
5337 1822
5338 7812
5339 6459
5340 1823
5341 1875
5342 1823
5343 7916
5344 1823
5345 1823
5346 1927
5347 30572
5348 1979
5349 1823
5350 6562
5351 23801
5352 1823
5353 1875
5354 1875
5355 6562
5356 6979
5357 1823
5358 1875
5359 1823
5360 7604
5361 1875
5362 1875
5363 1875
5364 12709
5365 6511
5366 2969
5367 1823
5368 1823
5369 6614
5370 6302
5371 1875
5372 1822
5373 1823
5374 7083
5375 24531
5376 1875
5377 1823
5378 1875
5379 26354
5380 1823
5381 1823
5382 1875
5383 12812
5384 6511
5385 1823
5386 1823
5387 1823
5388 6406
5389 6354
5390 1771
5391 1875
5392 1875
5393 10677
5394 6563
5395 1875
5396 1771
5397 6718
5398 6302
5399 1823
5400 1875
5401 1875
5402 14219
5403 6406
5404 1771
5405 1875
5406 1823
5407 7187
5408 21562
5409 1927
5410 1875
5411 1875
5412 23072
5413 6562
5414 1823
5415 2031
5416 6719
5417 6354
5418 1875
5419 1875
5420 1823
5421 14167
5422 6718
5423 1823
5424 1875
5425 1823
5426 6562
5427 6302
5428 1822
5429 1771
5430 1822
5431 17969
5432 7812
5433 1875
5434 1770
5435 10260
5436 9739
5437 1771
5438 1875
5439 1875
5440 13438
5441 7344
5442 1874
5443 1875
5444 1875
5445 6979
5446 6510
5447 1822
5448 1823
5449 8541
5450 7135
5451 1875
5452 1823
5453 1875
5454 7552
5455 12761
5456 1874
5457 1875
5458 1823
5459 6666
5460 7604
5461 1823
5462 1875
5463 1875
5464 6666
5465 7395
5466 1875
5467 1823
5468 8750
5469 6770
5470 1822
5471 1875
5472 1875
5473 6562
5474 19740
5475 1823
5476 1822
5477 1823
5478 7760
5479 6823
5480 3073
5481 1875
5482 1771
5483 6875
5484 6510
5485 1771
5486 1823
5487 6719
5488 6458
5489 1875
5490 1823
5491 1875
5492 9427
5493 15312
5494 1875
5495 1875
5496 1875
5497 21510
5498 6562
5499 1771
5500 1823
5501 15729
5502 6874
5503 6615
5504 1823
5505 1874
5506 6562
5507 19271
5508 1823
5509 1875
5510 1771
5511 6406
5512 12656
5513 1927
5514 1875
5515 1771
5516 15938
5517 6667
5518 1875
5519 1875
5520 1874
5521 6510
5522 1823
5523 1875
5524 1875
5525 7343
5526 24114
5527 1875
5528 1823
5529 1823
5530 8438
5531 6510
5532 1823
5533 1823
5534 1927
5535 8959
5536 7448
5537 1875
5538 1875
5539 1823
5540 7084
5541 1771
5542 1875
5543 1823
5544 6562
5545 6614
5546 1875
5547 1823
5548 1823
5549 6719
5550 6667
5551 1927
5552 1927
5553 1823
5554 7292
5555 16770
5556 1823
5557 1770
5558 6614
5559 6666
5560 1823
5561 1875
5562 1823
5563 6510
5564 12552
5565 1823
5566 1875
5567 1823
5568 6510
5569 7396
5570 1823
5571 1927
5572 1823
5573 7291
5574 1823
5575 3021
5576 1823
5577 6510
5578 6458
5579 1771
5580 1822
5581 1770
5582 18229
5583 13958
5584 1823
5585 1875
5586 1823
5587 6510
5588 11302
5589 1823
5590 1875
5591 1875
5592 7343
5593 1823
5594 1823
5595 1823
5596 6719
5597 10886
5598 1875
5599 1822
5600 2552
5601 6667
5602 12969
5603 1823
5604 1875
5605 1771
5606 6459
5607 6510
5608 1875
5609 1927
5610 1770
5611 7031
5612 1823
5613 1771
5614 1771
5615 6563
5616 7604
5617 1823
5618 1823
5619 1875
5620 6511
5621 15989
5622 1823
5623 1823
5624 1823
5625 6718
5626 6562
5627 1823
5628 1927
5629 1875
5630 6614
5631 1875
5632 1875
5633 1927
5634 7135
5635 7500
5636 1770
5637 1875
5638 1823
5639 10989
5640 12499
5641 1823
5642 1927
5643 1823
5644 7292
5645 6406
5646 1822
5647 1823
5648 6562
5649 7344
5650 1927
5651 1875
5652 1823
5653 6511
5654 6562
5655 1770
5656 1875
5657 1927
5658 6562
5659 16979
5660 1823
5661 1875
5662 1927
5663 6562
5664 1875
5665 1875
5666 1875
5667 7135
5668 6406
5669 1875
5670 1823
5671 1875
5672 6719
5673 7604
5674 1875
5675 1875
5676 1823
5677 7240
5678 11614
5679 1875
5680 1875
5681 1823
5682 6614
5683 1927
5684 1927
5685 1875
5686 20625
5687 6979
5688 1875
5689 1823
5690 1875
5691 6510
5692 7188
5693 1771
5694 1823
5695 1875
5696 6458
5697 6510
5698 2917
5699 1875
5700 8177
5701 6666
5702 1875
5703 1823
5704 1823
5705 6510
5706 6302
5707 1719
5708 1823
5709 1875
5710 7084
5711 7291
5712 1823
5713 1823
5714 1822
5715 6666
5716 6510
5717 1875
5718 1823
5719 8281
5720 11823
5721 1771
5722 1927
5723 1823
5724 6510
5725 6510
5726 1823
5727 1927
5728 1823
5729 6458
5730 8125
5731 1771
5732 2031
5733 1822
5734 6562
5735 6510
5736 1771
5737 1874
5738 6614
5739 17344
5740 1875
5741 1875
5742 1823
5743 8750
5744 6354
5745 1822
5746 1770
5747 1875
5748 9479
5749 7292
5750 1823
5751 1875
5752 1927
5753 8281
5754 1823
5755 1875
5756 1875
5757 7344
5758 6250
5759 1823
5760 1874
5761 1875
5762 6927
5763 6406
5764 1771
5765 1875
5766 1979
5767 13333
5768 6510
5769 1875
5770 1823
5771 6667
5772 6719
5773 1823
5774 1823
5775 1770
5776 7604
5777 6771
5778 1771
5779 3073
5780 1875
5781 6562
5782 6615
5783 1823
5784 1875
5785 1823
5786 12709
5787 7812
5788 1823
5789 1875
5790 6771
5791 7343
5792 2969
5793 1771
5794 1771
5795 9115
5796 7187
5797 1875
5798 1875
5799 1823
5800 6615
5801 12240
5802 1823
5803 1771
5804 1823
5805 28281
5806 6562
5807 1822
5808 1875
5809 6770
5810 6667
5811 1823
5812 1927
5813 1823
5814 7031
5815 10156
5816 1823
5817 1823
5818 1823
5819 6458
5820 8750
5821 1823
5822 1875
5823 1927
5824 6563
5825 2969
5826 1875
5827 1875
5828 8542
5829 8281
5830 1875
5831 1927
5832 1875
5833 6979
5834 10937
5835 1771
5836 1875
5837 1979
5838 6666
5839 6406
5840 1823
5841 1823
5842 1875
5843 13645
5844 1823
5845 1874
5846 1823
5847 7760
5848 7917
5849 1875
5850 1927
5851 1771
5852 8072
5853 7135
5854 1770
5855 1875
5856 1875
5857 14114
5858 7396
5859 1823
5860 1875
5861 6874
5862 11615
5863 1823
5864 1823
5865 1823
5866 6719
5867 7395
5868 1771
5869 1771
5870 1928
5871 6875
5872 6302
5873 1875
5874 1875
5875 1823
5876 13697
5877 6354
5878 1823
5879 1875
5880 6562
5881 6927
5882 1823
5883 1927
5884 1875
5885 7395
5886 6770
5887 1823
5888 1875
5889 1927
5890 18437
5891 7031
5892 1875
5893 1822
5894 1823
5895 12917
5896 1875
5897 1875
5898 1823
5899 7291
5900 6771
5901 1927
5902 1823
5903 1875
5904 6666
5905 6406
5906 1875
5907 1822
5908 1823
5909 6511
5910 10520
5911 1823
5912 1875
5913 1771
5914 13334
5915 1771
5916 1823
5917 1875
5918 6458
5919 6406
5920 1927
5921 1822
5922 1875
5923 6511
5924 11770
5925 1771
5926 1927
5927 1823
5928 6563
5929 6249
5930 19271
5931 1823
5932 1927
5933 12760
5934 1771
5935 1771
5936 1771
5937 8698
5938 6354
5939 1875
5940 1823
5941 1822
5942 6563
5943 6510
5944 2136
5945 1875
5946 1927
5947 7448
5948 7500
5949 1875
5950 1875
5951 6979
5952 6406
5953 1875
5954 1875
5955 1875
5956 8697
5957 7448
5958 1823
5959 1875
5960 1927
5961 6510
5962 6458
5963 1875
5964 1875
5965 1823
5966 18489
5967 1771
5968 1927
5969 1875
5970 6406
5971 6719
5972 1823
5973 1927
5974 1875
5975 7291
5976 8697
5977 1823
5978 1823
5979 1875
5980 8594
5981 6823
5982 1823
5983 1823
5984 1874
5985 7708
5986 1771
5987 1875
5988 1875
5989 7083
5990 6510
5991 1875
5992 1875
5993 1823
5994 6406
5995 6302
5996 1822
5997 1823
5998 1875
5999 6875
6000 6302
6001 1823
6002 1823
6003 1875
6004 6354
6005 1875
6006 1875
6007 1927
6008 6458
6009 6563
6010 1927
6011 1927
6012 1823
6013 6458
6014 8177
6015 1823
6016 1927
6017 1875
6018 6510
6019 7604
6020 1822
6021 1770
6022 7135
6023 6354
6024 1823
6025 1875
6026 1875
6027 7917
6028 6458
6029 1875
6030 1823
6031 1927
6032 7916
6033 6666
6034 1927
6035 1823
6036 1875
6037 6718
6038 6354
6039 1875
6040 1823
6041 6615
6042 6562
6043 1927
6044 1875
6045 1771
6046 33489
6047 14896
6048 1822
6049 1927
6050 2031
6051 6823
6052 7240
6053 1823
6054 1823
6055 1927
6056 7604
6057 1823
6058 1875
6059 1823
6060 6719
6061 9740
6062 1875
6063 1823
6064 1875
6065 12344
6066 6562
6067 1875
6068 1823
6069 1875
6070 7500
6071 6718
6072 1927
6073 1823
6074 6563
6075 6458
6076 1823
6077 1770
6078 1771
6079 6458
6080 7500
6081 1771
6082 1927
6083 1927
6084 6458
6085 6355
6086 1771
6087 1875
6088 1823
6089 6719
6090 6302
6091 1823
6092 1823
6093 7604
6094 6354
6095 1823
6096 1823
6097 1875
6098 6771
6099 6354
6100 1823
6101 1875
6102 1822
6103 6510
6104 6354
6105 1823
6106 1927
6107 1875
6108 6823
6109 6563
6110 1875
6111 1823
6112 6563
6113 7187
6114 1875
6115 1874
6116 1927
6117 7136
6118 7500
6119 1823
6120 1823
6121 1875
6122 6615
6123 6458
6124 1875
6125 1770
6126 1822
6127 6771
6128 21978
6129 1823
6130 1875
6131 6562
6132 10000
6133 1979
6134 1823
6135 4063
6136 6875
6137 6458
6138 1823
6139 1823
6140 1823
6141 6458
6142 8906
6143 1927
6144 1875
6145 1875
6146 6458
6147 1823
6148 3073
6149 1822
6150 13698
6151 6458
6152 1823
6153 1927
6154 1875
6155 6510
6156 6562
6157 1927
6158 1823
6159 1823
6160 6458
6161 6667
6162 1823
6163 1823
6164 7708
6165 6249
6166 1771
6167 1875
6168 3073
6169 12813
6170 6666
6171 1770
6172 1823
6173 1823
6174 6719
6175 6459
6176 1823
6177 1823
6178 1771
6179 7240
6180 8854
6181 1771
6182 1823
6183 6406
6184 6354
6185 1823
6186 1875
6187 1823
6188 12812
6189 6511
6190 1875
6191 1875
6192 1875
6193 6459
6194 6770
6195 1875
6196 1875
6197 1875
6198 17864
6199 1927
6200 1875
6201 1823
6202 7187
6203 6354
6204 1875
6205 1875
6206 1979
6207 6927
6208 6458
6209 1823
6210 1875
6211 1823
6212 7708
6213 7188
6214 1823
6215 1875
6216 1823
6217 6458
6218 1823
6219 1980
6220 1875
6221 7031
6222 9635
6223 1875
6224 1927
6225 1875
6226 6614
6227 6667
6228 1823
6229 1979
6230 1770
6231 6406
6232 6354
6233 1875
6234 3021
6235 1875
6236 6875
6237 1875
6238 1823
6239 1875
6240 6510
6241 6249
6242 1875
6243 1770
6244 1823
6245 6614
6246 6407
6247 1875
6248 1875
6249 3906
6250 6822
6251 8176
6252 1771
6253 1719
6254 6719
6255 7396
6256 1823
6257 3021
6258 1875
6259 6666
6260 6563
6261 1822
6262 1823
6263 1822
6264 6511
6265 7083
6266 1823
6267 2604
6268 1927
6269 6875
6270 1770
6271 1875
6272 1875
6273 7500
6274 9375
6275 1823
6276 1823
6277 1875
6278 6406
6279 6458
6280 1823
6281 1823
6282 1875
6283 8437
6284 6407
6285 1770
6286 1875
6287 1823
6288 6458
6289 1823
6290 1875
6291 1927
6292 7760
6293 6302
6294 1823
6295 1823
6296 1875
6297 7083
6298 6302
6299 1770
6300 1822
6301 1823
6302 6875
6303 7500
6304 1823
6305 1822
6306 1823
6307 6562
6308 1875
6309 1823
6310 1875
6311 6406
6312 7500
6313 1771
6314 1875
6315 30624
6316 6666
6317 6459
6318 1823
6319 1927
6320 1823
6321 7135
6322 8854
6323 1823
6324 1927
6325 6563
6326 6459
6327 1823
6328 1875
6329 1875
6330 6875
6331 6250
6332 1927
6333 1875
6334 1875
6335 8281
6336 6979
6337 1823
6338 1875
6339 1822
6340 8802
6341 6666
6342 1979
6343 1823
6344 7604
6345 6667
6346 1823
6347 1771
6348 1927
6349 78279
6350 14271
6351 1822
6352 3281
6353 1823
6354 8021
6355 10208
6356 1823
6357 1875
6358 1823
6359 6406
6360 1875
6361 1875
6362 1875
6363 6459
6364 6615
6365 1823
6366 1875
6367 1823
6368 8229
6369 12448
6370 1875
6371 1823
6372 1927
6373 22708
6374 7708
6375 1927
6376 1771
6377 1823
6378 8802
6379 1823
6380 1875
6381 1927
6382 6510
6383 6979
6384 1770
6385 1823
6386 1823
6387 7291
6388 13489
6389 1823
6390 1823
6391 1823
6392 6823
6393 7187
6394 1823
6395 1875
6396 6823
6397 6406
6398 1823
6399 1823
6400 1875
6401 7239
6402 6354
6403 1979
6404 1875
6405 1822
6406 7187
6407 12864
6408 1823
6409 1875
6410 1875
6411 6718
6412 6302
6413 1823
6414 1875
6415 7240
6416 6354
6417 1823
6418 1875
6419 1823
6420 8541
6421 7031
6422 1875
6423 1875
6424 1823
6425 7448
6426 12604
6427 1875
6428 1823
6429 1771
6430 6979
6431 6407
6432 1875
6433 1875
6434 6666
6435 6458
6436 1875
6437 1823
6438 1875
6439 6771
6440 6406
6441 1875
6442 1823
6443 1823
6444 6771
6445 12708
6446 1875
6447 1822
6448 1875
6449 7395
6450 1875
6451 1823
6452 1875
6453 13333
6454 6458
6455 1823
6456 1823
6457 1927
6458 7240
6459 6458
6460 1875
6461 1927
6462 1927
6463 6875
6464 6406
6465 1875
6466 1823
6467 6667
6468 6562
6469 1822
6470 1927
6471 1823
6472 6614
6473 6718
6474 1823
6475 1875
6476 1874
6477 6666
6478 8125
6479 1823
6480 1822
6481 1822
6482 7709
6483 7864
6484 1823
6485 1927
6486 6666
6487 6406
6488 1875
6489 1770
6490 2917
6491 6979
6492 7135
6493 1875
6494 1770
6495 1927
6496 6875
6497 6250
6498 3594
6499 1875
6500 1823
6501 6927
6502 7968
6503 1875
6504 1823
6505 18333
6506 6770
6507 1771
6508 1823
6509 1823
6510 6823
6511 6927
6512 1823
6513 1823
6514 1822
6515 7500
6516 6771
6517 1719
6518 1823
6519 1823
6520 6458
6521 1771
6522 1771
6523 1771
6524 6666
6525 6354
6526 1823
6527 1823
6528 1823
6529 6875
6530 6406
6531 1875
6532 1823
6533 1823
6534 6615
6535 6510
6536 1823
6537 1874
6538 1875
6539 7864
6540 1875
6541 1875
6542 1875
6543 6458
6544 13594
6545 1823
6546 1771
6547 1875
6548 7812
6549 7344
6550 1875
6551 1927
6552 1823
6553 13750
6554 6823
6555 1875
6556 1927
6557 6822
6558 6458
6559 1823
6560 1823
6561 1823
6562 8021
6563 7604
6564 1927
6565 1875
6566 1927
6567 7656
6568 6249
6569 1823
6570 1927
6571 1875
6572 12708
6573 1823
6574 1823
6575 1823
6576 10416
6577 6718
6578 1822
6579 1875
6580 1822
6581 6511
6582 18541
6583 1875
6584 1875
6585 1823
6586 7760
6587 7344
6588 1979
6589 1927
6590 1823
6591 12760
6592 1927
6593 1822
6594 1875
6595 8125
6596 6614
6597 1823
6598 1823
6599 1875
6600 7344
6601 6250
6602 1823
6603 1771
6604 2135
6605 7031
6606 6458
6607 1875
6608 2916
6609 1823
6610 13906
6611 1823
6612 1979
6613 1823
6614 6510
6615 7083
6616 1875
6617 1927
6618 1875
6619 7396
6620 8072
6621 1875
6622 1875
6623 1875
6624 6406
6625 7083
6626 1823
6627 1875
6628 3177
6629 13021
6630 1823
6631 1823
6632 1823
6633 7500
6634 6667
6635 1875
6636 1928
6637 1822
6638 6614
6639 6302
6640 1823
6641 1875
6642 1875
6643 7448
6644 6302
6645 1927
6646 1823
6647 6510
6648 6667
6649 1927
6650 1927
6651 1875
6652 6562
6653 6822
6654 1771
6655 1823
6656 3073
6657 24010
6658 6563
6659 1822
6660 1875
6661 1771
6662 12708
6663 1823
6664 1823
6665 1771
6666 6771
6667 6302
6668 1823
6669 1823
6670 1875
6671 7916
6672 6407
6673 1875
6674 1875
6675 1927
6676 6510
6677 6250
6678 1927
6679 1927
6680 1927
6681 30677
6682 1823
6683 1875
6684 1771
6685 7396
6686 6249
6687 1823
6688 1875
6689 1875
6690 6459
6691 7187
6692 1823
6693 1875
6694 1875
6695 6458
6696 6874
6697 1771
6698 1823
6699 6563
6700 12552
6701 1823
6702 1875
6703 1823
6704 8334
6705 7343
6706 1874
6707 1823
6708 1875
6709 6562
6710 6354
6711 1979
6712 1823
6713 1822
6714 6667
6715 7031
6716 1823
6717 1875
6718 6458
6719 12656
6720 1823
6721 1875
6722 1770
6723 6459
6724 6771
6725 1823
6726 1875
6727 1823
6728 7188
6729 6406
6730 1823
6731 1875
6732 1875
6733 7292
6734 6770
6735 1823
6736 1823
6737 18489
6738 12604
6739 1823
6740 1771
6741 1927
6742 8020
6743 24375
6744 1823
6745 1875
6746 1875
6747 8229
6748 6563
6749 1875
6750 1927
6751 2031
6752 6563
6753 1875
6754 1823
6755 1823
6756 6615
6757 6354
6758 1823
6759 1875
6760 1875
6761 6771
6762 6407
6763 1823
6764 1823
6765 1823
6766 7291
6767 6249
6768 1823
6769 1823
6770 22291
6771 6770
6772 1875
6773 1979
6774 1875
6775 6458
6776 6563
6777 1823
6778 1875
6779 1823
6780 13385
6781 6667
6782 1875
6783 1823
6784 1823
6785 6354
6786 6614
6787 1823
6788 1874
6789 6614
6790 6511
6791 1823
6792 1875
6793 1823
6794 7188
6795 6250
6796 2396
6797 1875
6798 1875
6799 7240
6800 12135
6801 1823
6802 1875
6803 1979
6804 6614
6805 6459
6806 1823
6807 1823
6808 12969
6809 6563
6810 1823
6811 1875
6812 1823
6813 6406
6814 7239
6815 1875
6816 1875
6817 1823
6818 6406
6819 6666
6820 1771
6821 1875
6822 1875
6823 7813
6824 1823
6825 1875
6826 1875
6827 13646
6828 7708
6829 1875
6830 1927
6831 1875
6832 6563
6833 6510
6834 1822
6835 1823
6836 1875
6837 6823
6838 6302
6839 1823
6840 1875
6841 1875
6842 6823
6843 1875
6844 1874
6845 1875
6846 12708
6847 8124
6848 1771
6849 1875
6850 1823
6851 7968
6852 7708
6853 1771
6854 1823
6855 1875
6856 6354
6857 7135
6858 1875
6859 1875
6860 23385
6861 11406
6862 1822
6863 1823
6864 1875
6865 7656
6866 6562
6867 3073
6868 1822
6869 1875
6870 6666
6871 6302
6872 1875
6873 1823
6874 1823
6875 6562
6876 6354
6877 1875
6878 1875
6879 6614
6880 6979
6881 1771
6882 1875
6883 1823
6884 6510
6885 18906
6886 1823
6887 1823
6888 1823
6889 6666
6890 6615
6891 1823
6892 1771
6893 1927
6894 6770
6895 1823
6896 1823
6897 1875
6898 12968
6899 6615
6900 1823
6901 1875
6902 1823
6903 14583
6904 7031
6905 1927
6906 1823
6907 1823
6908 6927
6909 7500
6910 1823
6911 1823
6912 1823
6913 6823
6914 1823
6915 1770
6916 1823
6917 12552
6918 6875
6919 1823
6920 1823
6921 1823
6922 22760
6923 6510
6924 1771
6925 1823
6926 1927
6927 6562
6928 6770
6929 1823
6930 1823
6931 1823
6932 7083
6933 1771
6934 1927
6935 1927
6936 12969
6937 7084
6938 1875
6939 1875
6940 1875
6941 6406
6942 6302
6943 1823
6944 1823
6945 1823
6946 6667
6947 7864
6948 1823
6949 1771
6950 6719
6951 12708
6952 1927
6953 1927
6954 1875
6955 7865
6956 9010
6957 1823
6958 1875
6959 2031
6960 8594
6961 16978
6962 1875
6963 1875
6964 1875
6965 7188
6966 1823
6967 1875
6968 1875
6969 7813
6970 15416
6971 1770
6972 1927
6973 1875
6974 6510
6975 6406
6976 1823
6977 1823
6978 1927
6979 6458
6980 10729
6981 1875
6982 1875
6983 1927
6984 14791
6985 1823
6986 1875
6987 1875
6988 6719
6989 12552
6990 1822
6991 1927
6992 1771
6993 7135
6994 6510
6995 1875
6996 1823
6997 1822
6998 7916
6999 6354
7000 1875
7001 1875
7002 1771
7003 7031
7004 1875
7005 1927
7006 1875
7007 6406
7008 12552
7009 1875
7010 1927
7011 1823
7012 6510
7013 10573
7014 1771
7015 1875
7016 1875
7017 6667
7018 6980
7019 1823
7020 3020
7021 6510
7022 6302
7023 1875
7024 1875
7025 1927
7026 12447
7027 12604
7028 1822
7029 1875
7030 1875
7031 6770
7032 6458
7033 1927
7034 1823
7035 1875
7036 8541
7037 8489
7038 1875
7039 1823
7040 7136
7041 17969
7042 1771
7043 1874
7044 1875
7045 6510
7046 12760
7047 1823
7048 1875
7049 1875
7050 6562
7051 7031
7052 1770
7053 1927
7054 1823
7055 6458
7056 1875
7057 1823
7058 1823
7059 6979
7060 6459
7061 1875
7062 1875
7063 1823
7064 6719
7065 12917
7066 1771
7067 1823
7068 1875
7069 6562
7070 6510
7071 1823
7072 1771
7073 6354
7074 7084
7075 1823
7076 1927
7077 1875
7078 6719
7079 6875
7080 1823
7081 1823
7082 1875
7083 6458
7084 6458
7085 1771
7086 1875
7087 1823
7088 6615
7089 7136
7090 1822
7091 1823
7092 8594
7093 7500
7094 1927
7095 1875
7096 1927
7097 6718
7098 6302
7099 1822
7100 1823
7101 1823
7102 6667
7103 6354
7104 1927
7105 1822
7106 1823
7107 11146
7108 7395
7109 1823
7110 1823
7111 7291
7112 8177
7113 1823
7114 3073
7115 1771
7116 7187
7117 6719
7118 1771
7119 1823
7120 1822
7121 6562
7122 6823
7123 1822
7124 1875
7125 1823
7126 6563
7127 6406
7128 1875
7129 1875
7130 6979
7131 6823
7132 1875
7133 1822
7134 1823
7135 6666
7136 6302
7137 1823
7138 1875
7139 1771
7140 11197
7141 6302
7142 1875
7143 1823
7144 1823
7145 6614
7146 1823
7147 1823
7148 1927
7149 6979
7150 7083
7151 1823
7152 1875
7153 1823
7154 7291
7155 13072
7156 1874
7157 1822
7158 1875
7159 6458
7160 7917
7161 1823
7162 1927
7163 6563
7164 6354
7165 1875
7166 1771
7167 1771
7168 7239
7169 42915
7170 1874
7171 1927
7172 1823
7173 7188
7174 12708
7175 1875
7176 1875
7177 1823
7178 6562
7179 6719
7180 2968
7181 1928
7182 6459
7183 6875
7184 1822
7185 1823
7186 1875
7187 6354
7188 13177
7189 1823
7190 1875
7191 1927
7192 6458
7193 14010
7194 1875
7195 1927
7196 1927
7197 6458
7198 1875
7199 1875
7200 1823
7201 22395
7202 6458
7203 1823
7204 1875
7205 18958
7206 6666
7207 6354
7208 1875
7209 1875
7210 1822
7211 6562
7212 12760
7213 1823
7214 1823
7215 1823
7216 6615
7217 1823
7218 1875
7219 1875
7220 6406
7221 6666
7222 1771
7223 1875
7224 1823
7225 6354
7226 6407
7227 1823
7228 1875
7229 1823
7230 13177
7231 14271
7232 1823
7233 1875
7234 1927
7235 8437
7236 1823
7237 1823
7238 1979
7239 6563
7240 6458
7241 1823
7242 1927
7243 1823
7244 6771
7245 7292
7246 1875
7247 1875
7248 1875
7249 7083
7250 7448
7251 1771
7252 1875
7253 6823
7254 6406
7255 1875
7256 2968
7257 1875
7258 7135
7259 6198
7260 1771
7261 1979
7262 1875
7263 6719
7264 8542
7265 1874
7266 1875
7267 1823
7268 7604
7269 1823
7270 1770
7271 1927
7272 19896
7273 6719
7274 1875
7275 1823
7276 1771
7277 6406
7278 6927
7279 1823
7280 1771
7281 1927
7282 6406
7283 6563
7284 1771
7285 1875
7286 1823
7287 6510
7288 1771
7289 1875
7290 1875
7291 7448
7292 6979
7293 1823
7294 1875
7295 1823
7296 7031
7297 6406
7298 1823
7299 1823
7300 1875
7301 8021
7302 7291
7303 1875
7304 1875
7305 1875
7306 6875
7307 1875
7308 1875
7309 1823
7310 6927
7311 13438
7312 1771
7313 1875
7314 1875
7315 6614
7316 6458
7317 1770
7318 1875
7319 1823
7320 6458
7321 6771
7322 1719
7323 1875
7324 6666
7325 6250
7326 1875
7327 1927
7328 1927
7329 6719
7330 6302
7331 1823
7332 1823
7333 1771
7334 6458
7335 6406
7336 1823
7337 1770
7338 1875
7339 7552
7340 6198
7341 1875
7342 1823
7343 7552
7344 6354
7345 1823
7346 1823
7347 1875
7348 6406
7349 19270
7350 1771
7351 1979
7352 1927
7353 6823
7354 6823
7355 1875
7356 1875
7357 1875
7358 13073
7359 1771
7360 1823
7361 1823
7362 6458
7363 6458
7364 1823
7365 1822
7366 1875
7367 7760
7368 6458
7369 1771
7370 1875
7371 1771
7372 6562
7373 6614
7374 1823
7375 1875
7376 1875
7377 12969
7378 1771
7379 1927
7380 1875
7381 6458
7382 6562
7383 1823
7384 1823
7385 1927
7386 6458
7387 6666
7388 1875
7389 1979
7390 1875
7391 7344
7392 12968
7393 1823
7394 1928
7395 6667
7396 12603
7397 1823
7398 1875
7399 1823
7400 6666
7401 6250
7402 1874
7403 1823
7404 1770
7405 6927
7406 6250
7407 1875
7408 1823
7409 1875
7410 8698
7411 7396
7412 1823
7413 1823
7414 6667
7415 13489
7416 1823
7417 1771
7418 5729
7419 7135
7420 7709
7421 1823
7422 1874
7423 1875
7424 8177
7425 7656
7426 1770
7427 1823
7428 1823
7429 18125
7430 7084
7431 1823
7432 1875
7433 6406
7434 17499
7435 1823
7436 1875
7437 1874
7438 6667
7439 6354
7440 1823
7441 1927
7442 1874
7443 6823
7444 8124
7445 1771
7446 1928
7447 1875
7448 6562
7449 1875
7450 1875
7451 1823
7452 7396
7453 6302
7454 1823
7455 1927
7456 1875
7457 8438
7458 7187
7459 1875
7460 1875
7461 1823
7462 6719
7463 6354
7464 1927
7465 1823
7466 13698
7467 6458
7468 1823
7469 1875
7470 1875
7471 7135
7472 7500
7473 19687
7474 1823
7475 1822
7476 7187
7477 7448
7478 1770
7479 1823
7480 3177
7481 6511
7482 6562
7483 1979
7484 1770
7485 13073
7486 6406
7487 1771
7488 1875
7489 1875
7490 6926
7491 6197
7492 1875
7493 2968
7494 1927
7495 8490
7496 7395
7497 1719
7498 1875
7499 1874
7500 6615
7501 6406
7502 1822
7503 1770
7504 13490
7505 6510
7506 1875
7507 1875
7508 1771
7509 6510
7510 6979
7511 1823
7512 1875
7513 1823
7514 6354
7515 11770
7516 1770
7517 3020
7518 1874
7519 6406
7520 1875
7521 1771
7522 1927
7523 13125
7524 6615
7525 1823
7526 1823
7527 1823
7528 6510
7529 6354
7530 1823
7531 1875
7532 1875
7533 6927
7534 7552
7535 1823
7536 1823
7537 1771
7538 8594
7539 1927
7540 4427
7541 1823
7542 6563
7543 7291
7544 1823
7545 1875
7546 1875
7547 6614
7548 6823
7549 1823
7550 1875
7551 1927
7552 6510
7553 6511
7554 1875
7555 1927
7556 12656
7557 6458
7558 1823
7559 1927
7560 1875
7561 6927
7562 6458
7563 1874
7564 1875
7565 2031
7566 9115
7567 7343
7568 1875
7569 1875
7570 1875
7571 7136
7572 1874
7573 1823
7574 1927
7575 19323
7576 7083
7577 1823
7578 1927
7579 1771
7580 7604
7581 6823
7582 1823
7583 1875
7584 1823
7585 6666
7586 7500
7587 1875
7588 1822
7589 1875
7590 6458
7591 1875
7592 1875
7593 1927
7594 8125
7595 22187
7596 1823
7597 1927
7598 1823
7599 6458
7600 6355
7601 1823
7602 1875
7603 1875
7604 6614
7605 6302
7606 1823
7607 1875
7608 1771
7609 6875
7610 1875
7611 1823
7612 1823
7613 6354
7614 8124
7615 1823
7616 1875
7617 1823
7618 6354
7619 6614
7620 1822
7621 1875
7622 1875
7623 6510
7624 21823
7625 1823
7626 1823
7627 1771
7628 23854
7629 1875
7630 1823
7631 2709
7632 7865
7633 6406
7634 1875
7635 1823
7636 1823
7637 6614
7638 10677
7639 1874
7640 1875
7641 1875
7642 6563
7643 6302
7644 1823
7645 1875
7646 6510
7647 6510
7648 1771
7649 1875
7650 1823
7651 6615
7652 16146
7653 1875
7654 1823
7655 1823
7656 6563
7657 6614
7658 1823
7659 1875
7660 1823
7661 6406
7662 1771
7663 1875
7664 1771
7665 13021
7666 6354
7667 1771
7668 1823
7669 1927
7670 6771
7671 6615
7672 1771
7673 1823
7674 1875
7675 6927
7676 6146
7677 1823
7678 1875
7679 1875
7680 6614
7681 1875
7682 1822
7683 1823
7684 12603
7685 6771
7686 1770
7687 1927
7688 1823
7689 6510
7690 8438
7691 1927
7692 1875
7693 1823
7694 7448
7695 6458
7696 1823
7697 1875
7698 6718
7699 7084
7700 1823
7701 1823
7702 1823
7703 13020
7704 7083
7705 1875
7706 1771
7707 1927
7708 8125
7709 6406
7710 1771
7711 1823
7712 1875
7713 7031
7714 6250
7715 1875
7716 1875
7717 7135
7718 7656
7719 1771
7720 2032
7721 1927
7722 13229
7723 8958
7724 1875
7725 1875
7726 1875
7727 6406
7728 6511
7729 1875
7730 1927
7731 1823
7732 17708
7733 6823
7734 1823
7735 1875
7736 9114
7737 6458
7738 1822
7739 1823
7740 1770
7741 13750
7742 6355
7743 1823
7744 1875
7745 1875
7746 8593
7747 6354
7748 1823
7749 1823
7750 1980
7751 6823
7752 1823
7753 1823
7754 1927
7755 6927
7756 12917
7757 1874
7758 1823
7759 1875
7760 6979
7761 6718
7762 1822
7763 1875
7764 1823
7765 6771
7766 7344
7767 1875
7768 1875
7769 8750
7770 7240
7771 1875
7772 1823
7773 1875
7774 6354
7775 14114
7776 1823
7777 1875
7778 1823
7779 6354
7780 7187
7781 1771
7782 1875
7783 1875
7784 6563
7785 6614
7786 1823
7787 1875
7788 6823
7789 6562
7790 1823
7791 1875
7792 1875
7793 8385
7794 14010
7795 1823
7796 1875
7797 1875
7798 6614
7799 7396
7800 1822
7801 1823
7802 1875
7803 7135
7804 6302
7805 1823
7806 1823
7807 6406
7808 18385
7809 1823
7810 1822
7811 1875
7812 6770
7813 12917
7814 1823
7815 1927
7816 1771
7817 7604
7818 6406
7819 1823
7820 1823
7821 1875
7822 6511
7823 1823
7824 1875
7825 1875
7826 7083
7827 6718
7828 1822
7829 1823
7830 1928
7831 8801
7832 12656
7833 1823
7834 1875
7835 1823
7836 7187
7837 6250
7838 1875
7839 1823
7840 1875
7841 7135
7842 1771
7843 1823
7844 1980
7845 6614
7846 8385
7847 1770
7848 1927
7849 1822
7850 8386
7851 6718
7852 1874
7853 1874
7854 1771
7855 8386
7856 6511
7857 1823
7858 1823
7859 6511
7860 6406
7861 1823
7862 1823
7863 1875
7864 7656
7865 6458
7866 1822
7867 1875
7868 1823
7869 7083
7870 6458
7871 1823
7872 1823
7873 1927
7874 6927
7875 6406
7876 1823
7877 1927
7878 6562
7879 7187
7880 1771
7881 1823
7882 1875
7883 6927
7884 7395
7885 1823
7886 1927
7887 1875
7888 6771
7889 6875
7890 1771
7891 1771
7892 1823
7893 6614
7894 1823
7895 1823
7896 1927
7897 6562
7898 6459
7899 1927
7900 1823
7901 1875
7902 6771
7903 6562
7904 1927
7905 1823
7906 1875
7907 7968
7908 7396
7909 1875
7910 1875
7911 1875
7912 6771
7913 1771
7914 1823
7915 1823
7916 6667
7917 6406
7918 1875
7919 1875
7920 1875
7921 8333
7922 7500
7923 1771
7924 1875
7925 1875
7926 6667
7927 7500
7928 1823
7929 1823
7930 1928
7931 6458
7932 1822
7933 1823
7934 1927
7935 7656
7936 8125
7937 1771
7938 1875
7939 1979
7940 7031
7941 6458
7942 1875
7943 1823
7944 1823
7945 8958
7946 6250
7947 1875
7948 1875
7949 8490
7950 6562
7951 1875
7952 1875
7953 1823
7954 6823
7955 6406
7956 1927
7957 1823
7958 1875
7959 13750
7960 6562
7961 2291
7962 1927
7963 1927
7964 6667
7965 3698
7966 1875
7967 1822
7968 6615
7969 6563
7970 1823
7971 1875
7972 1927
7973 7343
7974 7969
7975 1771
7976 1823
7977 1823
7978 12968
7979 8698
7980 1875
7981 1875
7982 1875
7983 6458
7984 1875
7985 1823
7986 1770
7987 6926
7988 6511
7989 1823
7990 1823
7991 1875
7992 7396
7993 6250
7994 1771
7995 17343
7996 1823
7997 13124
7998 6511
7999 1875
8000 1823
8001 1823
8002 7344
8003 1823
8004 1823
8005 1875
8006 6562
8007 7135
8008 1771
8009 1823
8010 1823
8011 7552
8012 6875
8013 1874
8014 1875
8015 1823
8016 13489
8017 6563
8018 1875
8019 1927
8020 6823
8021 6406
8022 1875
8023 1875
8024 1875
8025 7239
8026 6354
8027 1823
8028 1771
8029 1823
8030 6614
8031 6510
8032 1875
8033 1823
8034 1927
8035 14792
8036 6406
8037 1875
8038 1823
8039 7604
8040 6875
8041 1823
8042 1823
8043 1875
8044 6614
8045 6406
8046 1875
8047 1823
8048 1771
8049 7031
8050 7187
8051 1771
8052 1823
8053 1875
8054 6458
8055 1823
8056 1927
8057 1927
8058 6615
8059 6354
8060 1979
8061 1875
8062 1823
8063 7604
8064 6406
8065 1874
8066 1823
8067 1875
8068 6771
8069 6354
8070 1875
8071 1927
8072 6563
8073 6719
8074 1823
8075 1927
8076 1823
8077 6354
8078 7084
8079 1771
8080 1875
8081 1823
8082 6510
8083 6354
8084 1823
8085 3021
8086 1927
8087 8958
8088 7812
8089 17136
8090 1875
8091 6875
8092 7344
8093 1875
8094 1823
8095 1875
8096 6823
8097 6354
8098 1875
8099 1874
8100 1875
8101 6979
8102 6302
8103 1823
8104 1875
8105 2708
8106 7656
8107 6250
8108 1823
8109 3073
8110 7864
8111 7448
8112 1875
8113 1927
8114 1823
8115 6406
8116 6771
8117 1823
8118 1771
8119 1823
8120 7187
8121 7396
8122 1823
8123 1875
8124 1874
8125 7136
8126 7396
8127 1875
8128 1927
8129 6979
8130 6458
8131 1875
8132 1823
8133 1875
8134 6719
8135 6407
8136 1875
8137 1875
8138 1823
8139 6718
8140 6249
8141 1823
8142 1823
8143 1823
8144 6510
8145 1875
8146 1823
8147 1823
8148 6511
8149 9166
8150 17448
8151 1875
8152 1823
8153 6458
8154 22187
8155 1875
8156 1875
8157 1875
8158 6458
8159 7604
8160 1875
8161 1875
8162 7969
8163 12604
8164 1875
8165 1875
8166 1875
8167 10677
8168 6458
8169 1823
8170 1771
8171 1875
8172 6823
8173 6562
8174 1823
8175 1875
8176 1770
8177 6771
8178 6458
8179 1875
8180 1875
8181 6562
8182 12916
8183 1822
8184 1927
8185 1823
8186 6511
8187 6666
8188 1875
8189 1875
8190 1823
8191 6510
8192 6563
8193 1823
8194 1875
8195 1875
8196 16250
8197 1823
8198 1822
8199 1823
8200 7656
8201 12604
8202 1823
8203 1875
8204 1771
8205 7083
8206 7552
8207 1771
8208 1823
8209 1875
8210 6979
8211 7448
8212 1823
8213 1823
8214 1823
8215 12656
8216 1875
8217 1823
8218 1875
8219 8176
8220 12917
8221 1823
8222 1823
8223 1875
8224 6354
8225 7187
8226 1822
8227 1823
8228 1823
8229 8229
8230 6719
8231 1822
8232 1823
8233 1823
8234 6406
8235 1823
8236 1823
8237 1875
8238 6615
8239 12343
8240 1823
8241 1823
8242 1927
8243 6874
8244 6354
8245 1823
8246 1875
8247 1979
8248 7865
8249 6614
8250 1823
8251 1875
8252 16249
8253 6458
8254 1927
8255 1823
8256 1823
8257 6562
8258 6458
8259 1875
8260 1875
8261 1771
8262 6719
8263 7292
8264 1875
8265 1875
8266 1875
8267 18385
8268 1823
8269 1927
8270 1823
8271 6406
8272 6927
8273 1823
8274 1875
8275 1822
8276 7135
8277 7813
8278 1823
8279 1875
8280 1823
8281 6406
8282 6406
8283 1771
8284 2136
8285 1823
8286 6770
8287 1875
8288 1823
8289 1875
8290 16562
8291 6354
8292 1874
8293 1823
8294 3281
8295 9271
8296 6563
8297 1823
8298 1823
8299 1979
8300 6614
8301 6354
8302 1875
8303 1823
8304 1823
8305 8802
8306 1875
8307 1875
8308 1823
8309 6510
8310 6562
8311 1823
8312 1823
8313 1822
8314 7500
8315 6979
8316 1771
8317 1823
8318 1771
8319 7292
8320 7135
8321 1823
8322 1823
8323 12916
8324 7240
8325 1823
8326 1822
8327 1823
8328 7604
8329 6510
8330 1875
8331 18072
8332 1875
8333 6667
8334 6510
8335 1823
8336 1875
8337 1875
8338 6666
8339 6406
8340 1875
8341 1823
8342 13854
8343 7447
8344 1771
8345 1875
8346 2969
8347 6614
8348 6615
8349 1875
8350 1927
8351 1875
8352 6510
8353 6719
8354 1823
8355 1823
8356 1875
8357 7656
8358 1823
8359 1822
8360 1875
8361 6563
8362 6667
8363 1875
8364 1875
8365 1875
8366 8385
8367 6406
8368 1823
8369 1875
8370 1823
8371 13802
8372 6927
8373 1823
8374 1771
8375 1875
8376 6823
8377 1823
8378 1823
8379 1823
8380 6510
8381 6354
8382 1823
8383 1875
8384 1823
8385 6458
8386 6614
8387 1771
8388 1875
8389 1874
8390 6510
8391 6458
8392 1770
8393 1875
8394 6979
8395 6458
8396 1771
8397 1823
8398 1875
8399 8229
8400 7188
8401 1823
8402 1823
8403 1875
8404 7240
8405 6823
8406 1771
8407 1875
8408 1875
8409 6823
8410 6458
8411 1875
8412 1823
8413 11406
8414 6927
8415 1823
8416 1823
8417 2969
8418 6458
8419 7031
8420 1927
8421 1875
8422 2031
8423 7500
8424 7343
8425 1823
8426 1875
8427 1823
8428 6562
8429 6926
8430 1823
8431 1823
8432 6459
8433 6406
8434 1823
8435 1823
8436 1823
8437 6718
8438 6250
8439 1875
8440 1927
8441 1823
8442 6459
8443 10208
8444 1875
8445 1823
8446 1823
8447 6875
8448 1875
8449 1823
8450 1823
8451 13020
8452 12344
8453 18958
8454 1823
8455 1823
8456 6354
8457 22969
8458 1875
8459 1770
8460 1927
8461 6875
8462 8750
8463 1823
8464 1823
8465 6822
8466 6354
8467 1823
8468 1927
8469 1823
8470 12656
8471 6354
8472 1875
8473 1823
8474 1823
8475 7292
8476 6302
8477 1823
8478 1771
8479 1771
8480 8437
8481 7500
8482 1875
8483 1875
8484 6406
8485 6562
8486 1823
8487 1979
8488 1874
8489 12551
8490 9062
8491 1823
8492 1927
8493 1823
8494 11926
8495 6510
8496 1770
8497 1979
8498 1823
8499 18593
8500 6667
8501 1823
8502 1927
8503 9427
8504 6614
8505 1875
8506 1823
8507 1822
8508 15260
8509 6511
8510 1823
8511 1771
8512 1823
8513 8177
8514 6354
8515 1875
8516 21874
8517 1875
8518 6562
8519 1719
8520 1875
8521 1823
8522 8125
8523 8698
8524 1875
8525 1875
8526 1822
8527 13750
8528 7031
8529 1823
8530 1771
8531 1875
8532 8229
8533 7760
8534 1771
8535 1823
8536 1875
8537 6458
8538 1822
8539 1875
8540 1875
8541 6511
8542 6510
8543 1875
8544 1771
8545 1875
8546 12656
8547 8072
8548 1875
8549 1875
8550 1875
8551 6458
8552 6771
8553 1823
8554 1927
8555 8073
8556 7239
8557 1875
8558 1875
8559 1875
8560 6875
8561 12969
8562 1823
8563 2447
8564 1823
8565 6875
8566 6198
8567 1875
8568 1823
8569 1875
8570 7916
8571 1875
8572 1927
8573 1875
8574 6458
8575 22291
8576 1927
8577 1823
8578 1823
8579 6510
8580 13541
8581 1823
8582 1823
8583 1875
8584 6510
8585 6458
8586 1875
8587 1823
8588 1875
8589 6406
8590 1875
8591 1875
8592 1875
8593 7135
8594 6406
8595 1875
8596 1875
8597 1875
8598 6562
8599 12656
8600 1771
8601 1875
8602 1823
8603 7083
8604 6354
8605 1875
8606 1823
8607 1823
8608 6615
8609 1771
8610 1875
8611 1771
8612 6510
8613 6614
8614 1875
8615 1822
8616 1875
8617 10209
8618 12551
8619 1875
8620 1875
8621 1875
8622 6510
8623 6511
8624 1822
8625 1875
8626 1823
8627 6510
8628 1823
8629 1823
8630 1822
8631 8542
8632 7083
8633 1823
8634 1875
8635 1823
8636 7448
8637 13333
8638 1823
8639 1875
8640 1875
8641 9114
8642 21770
8643 1875
8644 1875
8645 6458
8646 22604
8647 1875
8648 1771
8649 1823
8650 6719
8651 6771
8652 1822
8653 1927
8654 1823
8655 6510
8656 11041
8657 1771
8658 1771
8659 1875
8660 6667
8661 1823
8662 1875
8663 1875
8664 6719
8665 6459
8666 1823
8667 1875
8668 1823
8669 6823
8670 6250
8671 1875
8672 1875
8673 1875
8674 7031
8675 7708
8676 1875
8677 1875
8678 3125
8679 6979
8680 1823
8681 1875
8682 1823
8683 6458
8684 6875
8685 1822
8686 1875
8687 1823
8688 6407
8689 6927
8690 1823
8691 1875
8692 1875
8693 6562
8694 7083
8695 1875
8696 1927
8697 6562
8698 10364
8699 1822
8700 1875
8701 1823
8702 6875
8703 6354
8704 1875
8705 1874
8706 1770
8707 6562
8708 25625
8709 1927
8710 1823
8711 1875
8712 6666
8713 6406
8714 1875
8715 1875
8716 8020
8717 6355
8718 1823
8719 1927
8720 1875
8721 6510
8722 6562
8723 1771
8724 1875
8725 1875
8726 6615
8727 6458
8728 1875
8729 1875
8730 1927
8731 6511
8732 18177
8733 1875
8734 1823
8735 7083
8736 6406
8737 1979
8738 1823
8739 1874
8740 14479
8741 6614
8742 1823
8743 1875
8744 1875
8745 8385
8746 6354
8747 1875
8748 1823
8749 1875
8750 7708
8751 1875
8752 1875
8753 1823
8754 6979
8755 6302
8756 1823
8757 1823
8758 1822
8759 7917
8760 6407
8761 1823
8762 1823
8763 1823
8764 15312
8765 6666
8766 31875
8767 1875
8768 6458
8769 6771
8770 1771
8771 1927
8772 1927
8773 6510
8774 8073
8775 1875
8776 1928
8777 1875
8778 7708
8779 14583
8780 1822
8781 1927
8782 1875
8783 12917
8784 6458
8785 1875
8786 1823
8787 6979
8788 6302
8789 1823
8790 1823
8791 1875
8792 7083
8793 7292
8794 1822
8795 1875
8796 1875
8797 6562
8798 6458
8799 1875
8800 1927
8801 1771
8802 12813
8803 6614
8804 1823
8805 53072
8806 8802
8807 6666
8808 1823
8809 1875
8810 1771
8811 6406
8812 6771
8813 1823
8814 1823
8815 1822
8816 6458
8817 8281
8818 1771
8819 1823
8820 1823
8821 18593
8822 1875
8823 1823
8824 1875
8825 6406
8826 7344
8827 1875
8828 1823
8829 1875
8830 8594
8831 6979
8832 1823
8833 1875
8834 1823
8835 6458
8836 6250
8837 1875
8838 1823
8839 1875
8840 13177
8841 1771
8842 1927
8843 1771
8844 6458
8845 6302
8846 1823
8847 2031
8848 1875
8849 6667
8850 6979
8851 1875
8852 1875
8853 1823
8854 6510
8855 6927
8856 1823
8857 1875
8858 25155
8859 6510
8860 1823
8861 3073
8862 1875
8863 7187
8864 7240
8865 1875
8866 1823
8867 1822
8868 6719
8869 6406
8870 1823
8871 1875
8872 1823
8873 9219
8874 6250
8875 1823
8876 1771
8877 6875
8878 6510
8879 1771
8880 1927
8881 1875
8882 6354
8883 6458
8884 1875
8885 1823
8886 1823
8887 23020
8888 6823
8889 1875
8890 1875
8891 1823
8892 6562
8893 1875
8894 1875
8895 1874
8896 6927
8897 6615
8898 1823
8899 1875
8900 1875
8901 6875
8902 11458
8903 1823
8904 1823
8905 1771
8906 7083
8907 7552
8908 1927
8909 1875
8910 1822
8911 9063
8912 1771
8913 1875
8914 1875
8915 6459
8916 6458
8917 1770
8918 1822
8919 1875
8920 6718
8921 6406
8922 1823
8923 1927
8924 1875
8925 7448
8926 8542
8927 1823
8928 1875
8929 1823
8930 6354
8931 1875
8932 1875
8933 1875
8934 8594
8935 7343
8936 1823
8937 1822
8938 1875
8939 7187
8940 6354
8941 1823
8942 1875
8943 1875
8944 14114
8945 7291
8946 1823
8947 1928
8948 6354
8949 8333
8950 1875
8951 1927
8952 1771
8953 6510
8954 6562
8955 1719
8956 1823
8957 1823
8958 6458
8959 6458
8960 1928
8961 1771
8962 1823
8963 6510
8964 1823
8965 1823
8966 1875
8967 6822
8968 7604
8969 1823
8970 1823
8971 1823
8972 6770
8973 6250
8974 1771
8975 1875
8976 1823
8977 6614
8978 6979
8979 1823
8980 1823
8981 1979
8982 6979
8983 1771
8984 1927
8985 1823
8986 6510
8987 6354
8988 1771
8989 1823
8990 1822
8991 6719
8992 6771
8993 1823
8994 1875
8995 1875
8996 6771
8997 6823
8998 1823
8999 1822
9000 1875
9001 7292
9002 1823
9003 1823
9004 1875
9005 7969
9006 6406
9007 1823
9008 1771
9009 1823
9010 6562
9011 6563
9012 1875
9013 1823
9014 1927
9015 7239
9016 7240
9017 1875
9018 1875
9019 6562
9020 6458
9021 1771
9022 1875
9023 1927
9024 6354
9025 12187
9026 1875
9027 1823
9028 2135
9029 8802
9030 9531
9031 1822
9032 1771
9033 1823
9034 6458
9035 6875
9036 1823
9037 1823
9038 17031
9039 13177
9040 1823
9041 1823
9042 1980
9043 7031
9044 6510
9045 1771
9046 1875
9047 1771
9048 6510
9049 6718
9050 1823
9051 1875
9052 1823
9053 6406
9054 1823
9055 1875
9056 1875
9057 7500
9058 6562
9059 1823
9060 1771
9061 2448
9062 8021
9063 9167
9064 2448
9065 1875
9066 1979
9067 6874
9068 6511
9069 1823
9070 1927
9071 6667
9072 6406
9073 1875
9074 1875
9075 1770
9076 8125
9077 6563
9078 1822
9079 1875
9080 1875
9081 6406
9082 6355
9083 1823
9084 1875
9085 1927
9086 8385
9087 7916
9088 1875
9089 1823
9090 15937
9091 6562
9092 1823
9093 1875
9094 1771
9095 6927
9096 6197
9097 1875
9098 1823
9099 1823
9100 22239
9101 9479
9102 1822
9103 1823
9104 1823
9105 6770
9106 64165
9107 1822
9108 1771
9109 12708
9110 6927
9111 1823
9112 1875
9113 1875
9114 7084
9115 7447
9116 1771
9117 1823
9118 1875
9119 6511
9120 6562
9121 1771
9122 3021
9123 1875
9124 6458
9125 6354
9126 1771
9127 1927
9128 13125
9129 6510
9130 1979
9131 1823
9132 1822
9133 6615
9134 6406
9135 1927
9136 1823
9137 1823
9138 7812
9139 6302
9140 1823
9141 1823
9142 1719
9143 6459
9144 1771
9145 1823
9146 1823
9147 12864
9148 12031
9149 1823
9150 1875
9151 1823
9152 6510
9153 6562
9154 1823
9155 1875
9156 1875
9157 6614
9158 6615
9159 1875
9160 1875
9161 8177
9162 7187
9163 1822
9164 1771
9165 1822
9166 6666
9167 7604
9168 1771
9169 1875
9170 1823
9171 6458
9172 6406
9173 1770
9174 1771
9175 1822
9176 7760
9177 6354
9178 1874
9179 1822
9180 7500
9181 6459
9182 1823
9183 1875
9184 1823
9185 6354
9186 6510
9187 1823
9188 1875
9189 1979
9190 6458
9191 6354
9192 1822
9193 1927
9194 1927
9195 6615
9196 1875
9197 1822
9198 1875
9199 6770
9200 6406
9201 1875
9202 1823
9203 1875
9204 6406
9205 6406
9206 1822
9207 1823
9208 1927
9209 6459
9210 6406
9211 1823
9212 1823
9213 1823
9214 7031
9215 1823
9216 1875
9217 1823
9218 6406
9219 6823
9220 1823
9221 1928
9222 1927
9223 6771
9224 7395
9225 1875
9226 1927
9227 1771
9228 6563
9229 11562
9230 1823
9231 1927
9232 2031
9233 6510
9234 1875
9235 1823
9236 1823
9237 7136
9238 6406
9239 1875
9240 1875
9241 1875
9242 8333
9243 7656
9244 1875
9245 1875
9246 1771
9247 6666
9248 6198
9249 5781
9250 1875
9251 7292
9252 35208
9253 1875
9254 1822
9255 1822
9256 7187
9257 7448
9258 1875
9259 1875
9260 1823
9261 8958
9262 7552
9263 1875
9264 1875
9265 1875
9266 6927
9267 1823
9268 1875
9269 1875
9270 6563
9271 7083
9272 1823
9273 1875
9274 1771
9275 6458
9276 7344
9277 1823
9278 1823
9279 1771
9280 6562
9281 9323
9282 1823
9283 1875
9284 1823
9285 6875
9286 1823
9287 1823
9288 1927
9289 6771
9290 6354
9291 1875
9292 1823
9293 1771
9294 6979
9295 6250
9296 1823
9297 1875
9298 1823
9299 6511
9300 6302
9301 1875
9302 1823
9303 1823
9304 7656
9305 1823
9306 1823
9307 1875
9308 6875
9309 7031
9310 1822
9311 1875
9312 1771
9313 6823
9314 6718
9315 1875
9316 1874
9317 1875
9318 6666
9319 6510
9320 1771
9321 1875
9322 7031
9323 6354
9324 1823
9325 1875
9326 1823
9327 6667
9328 6302
9329 1771
9330 2969
9331 1823
9332 9115
9333 7187
9334 1823
9335 1875
9336 1927
9337 8333
9338 7864
9339 1823
9340 1823
9341 6406
9342 6667
9343 1875
9344 1823
9345 1823
9346 6354
9347 11146
9348 1771
9349 1927
9350 1875
9351 6667
9352 7084
9353 1771
9354 1823
9355 1823
9356 7760
9357 1771
9358 1875
9359 1823
9360 6927
9361 6458
9362 1823
9363 1823
9364 1823
9365 8594
9366 13073
9367 1927
9368 1823
9369 1823
9370 6458
9371 6615
9372 1979
9373 1823
9374 1875
9375 6875
9376 1823
9377 1823
9378 1875
9379 6406
9380 8542
9381 1822
9382 1823
9383 1771
9384 6875
9385 13072
9386 1771
9387 1875
9388 1875
9389 6510
9390 6406
9391 1875
9392 1875
9393 6771
9394 6249
9395 1823
9396 1823
9397 1823
9398 6979
9399 6302
9400 1927
9401 1875
9402 1823
9403 8489
9404 15312
9405 1823
9406 1823
9407 1823
9408 21510
9409 6563
9410 1875
9411 1875
9412 24426
9413 6718
9414 1771
9415 1822
9416 1927
9417 7188
9418 6614
9419 1979
9420 1823
9421 1771
9422 18437
9423 13333
9424 1719
9425 1927
9426 1823
9427 6510
9428 6563
9429 1823
9430 1823
9431 6719
9432 6562
9433 1875
9434 1875
9435 1875
9436 7031
9437 6302
9438 1927
9439 1927
9440 1823
9441 7135
9442 15052
9443 1823
9444 1770
9445 1771
9446 7031
9447 1822
9448 1875
9449 1771
9450 6719
9451 6511
9452 1771
9453 1875
9454 1875
9455 7187
9456 6354
9457 1771
9458 1875
9459 1875
9460 6406
9461 6562
9462 1770
9463 1875
9464 6510
9465 6667
9466 1875
9467 1875
9468 1875
9469 7344
9470 7760
9471 1979
9472 1875
9473 1875
9474 6510
9475 6406
9476 1771
9477 1771
9478 1875
9479 7344
9480 6406
9481 1875
9482 1823
9483 6354
9484 6510
9485 1771
9486 1771
9487 1771
9488 6458
9489 6510
9490 1770
9491 1823
9492 1822
9493 6459
9494 6927
9495 1823
9496 1823
9497 1823
9498 6823
9499 18854
9500 1874
9501 1927
9502 7969
9503 34478
9504 1823
9505 1875
9506 1927
9507 6666
9508 6302
9509 1875
9510 1771
9511 1823
9512 8906
9513 6354
9514 1875
9515 1822
9516 1822
9517 6510
9518 1822
9519 1927
9520 1823
9521 6510
9522 6562
9523 1823
9524 2500
9525 1823
9526 6719
9527 6355
9528 1875
9529 1823
9530 1771
9531 6614
9532 45729
9533 1823
9534 1823
9535 1927
9536 8802
9537 1823
9538 1823
9539 1875
9540 7552
9541 6458
9542 1875
9543 1771
9544 1823
9545 7083
9546 6250
9547 2864
9548 1823
9549 1771
9550 13854
9551 6770
9552 1771
9553 1927
9554 12708
9555 6406
9556 1875
9557 1823
9558 1927
9559 6927
9560 6354
9561 1875
9562 1823
9563 1875
9564 6614
9565 6354
9566 1875
9567 1823
9568 1875
9569 15416
9570 1823
9571 1823
9572 1771
9573 7239
9574 6354
9575 1823
9576 1927
9577 1927
9578 6510
9579 6875
9580 1771
9581 1823
9582 1875
9583 6354
9584 6562
9585 1770
9586 1875
9587 1823
9588 12604
9589 1823
9590 1874
9591 1980
9592 6770
9593 6354
9594 1823
9595 1875
9596 1875
9597 6771
9598 6354
9599 1771
9600 1823
9601 1875
9602 6562
9603 6458
9604 1823
9605 1875
9606 1927
9607 13020
9608 1823
9609 1875
9610 1875
9611 7656
9612 7552
9613 1823
9614 1875
9615 1823
9616 6614
9617 6406
9618 1823
9619 1875
9620 25364
9621 6614
9622 6354
9623 1875
9624 1823
9625 1823
9626 6667
9627 1771
9628 1823
9629 1823
9630 7240
9631 6354
9632 1823
9633 1823
9634 1823
9635 6667
9636 6198
9637 1875
9638 1875
9639 1875
9640 7448
9641 8125
9642 1823
9643 1823
9644 6406
9645 6667
9646 1875
9647 1823
9648 1875
9649 7969
9650 18073
9651 1823
9652 1927
9653 1823
9654 6562
9655 7917
9656 1771
9657 1875
9658 1823
9659 13386
9660 1823
9661 1822
9662 1875
9663 6875
9664 6302
9665 1770
9666 1823
9667 1875
9668 6822
9669 6406
9670 1875
9671 1822
9672 1823
9673 6875
9674 6354
9675 1874
9676 1823
9677 1875
9678 13177
9679 1823
9680 1875
9681 1927
9682 6563
9683 6562
9684 1875
9685 21198
9686 1875
9687 6823
9688 6770
9689 1927
9690 1875
9691 1770
9692 6510
9693 6875
9694 1823
9695 1927
9696 6979
9697 12551
9698 1823
9699 1823
9700 1875
9701 6563
9702 6198
9703 1771
9704 1823
9705 1823
9706 6562
9707 6511
9708 1823
9709 1823
9710 2968
9711 7917
9712 6250
9713 1875
9714 1822
9715 10104
9716 12969
9717 1823
9718 1823
9719 1770
9720 6458
9721 6406
9722 1823
9723 1823
9724 1875
9725 7031
9726 7084
9727 1822
9728 1875
9729 1875
9730 18021
9731 6562
9732 3073
9733 1875
9734 7239
9735 12604
9736 1875
9737 1927
9738 1875
9739 7552
9740 6302
9741 1874
9742 1823
9743 1822
9744 6510
9745 6615
9746 1823
9747 1875
9748 1875
9749 7552
9750 1875
9751 1823
9752 1875
9753 7031
9754 6406
9755 1875
9756 1823
9757 1875
9758 13854
9759 6354
9760 1875
9761 1875
9762 1875
9763 7917
9764 8333
9765 1875
9766 1770
9767 7500
9768 6406
9769 1771
9770 1822
9771 1875
9772 7760
9773 6979
9774 1875
9775 1875
9776 1770
9777 6407
9778 10157
9779 1823
9780 1823
9781 1875
9782 6510
9783 6667
9784 1822
9785 1875
9786 12760
9787 6666
9788 1875
9789 1823
9790 1823
9791 7864
9792 6927
9793 1823
9794 2031
9795 1823
9796 7864
9797 6875
9798 1875
9799 1771
9800 1979
9801 6823
9802 6406
9803 4166
9804 1875
9805 14479
9806 6406
9807 1770
9808 1823
9809 1823
9810 6458
9811 6562
9812 1875
9813 1875
9814 1875
9815 6562
9816 7343
9817 1822
9818 1823
9819 1823
9820 6510
9821 1771
9822 1927
9823 1823
9824 12551
9825 6406
9826 1823
9827 1875
9828 1823
9829 6562
9830 6407
9831 1875
9832 1823
9833 1823
9834 6510
9835 6354
9836 15833
9837 1875
9838 1875
9839 6615
9840 1875
9841 1823
9842 1875
9843 12917
9844 6510
9845 1823
9846 1875
9847 1823
9848 7343
9849 6615
9850 1875
9851 1875
9852 2969
9853 7760
9854 7604
9855 1823
9856 1875
9857 6510
9858 6302
9859 1875
9860 1875
9861 1927
9862 9011
9863 6458
9864 1771
9865 1927
9866 1875
9867 9010
9868 7656
9869 1823
9870 1823
9871 1927
9872 6458
9873 6927
9874 1771
9875 1823
9876 6666
9877 6823
9878 1823
9879 1875
9880 1771
9881 25780
9882 6667
9883 1770
9884 1875
9885 1823
9886 7708
9887 8021
9888 1927
9889 1770
9890 1927
9891 6979
9892 1875
9893 4895
9894 1875
9895 15260
9896 6458
9897 1875
9898 1823
9899 1875
9900 6823
9901 6458
9902 1823
9903 1875
9904 1875
9905 6823
9906 6562
9907 1771
9908 1875
9909 1771
9910 6614
9911 1770
9912 1875
9913 1823
9914 12500
9915 6771
9916 1719
9917 1875
9918 1823
9919 8281
9920 7499
9921 1823
9922 1823
9923 1927
9924 6510
9925 6875
9926 1875
9927 1875
9928 1875
9929 6510
9930 1823
9931 1771
9932 1823
9933 12864
9934 6458
9935 1823
9936 1823
9937 1823
9938 6771
9939 6354
9940 1823
9941 1875
9942 1823
9943 6822
9944 6406
9945 1823
9946 1823
9947 7396
9948 6459
9949 1823
9950 1927
9951 1927
9952 7343
9953 8281
9954 1823
9955 1927
9956 1875
9957 6510
9958 7395
9959 1823
9960 1979
9961 1875
9962 14166
9963 1927
9964 1822
9965 1875
9966 7188
9967 6823
9968 1875
9969 1875
9970 1771
9971 7552
9972 7188
9973 1823
9974 1875
9975 1875
9976 7708
9977 7396
9978 1875
9979 1875
9980 1927
9981 6979
9982 1875
9983 2083
9984 1927
9985 8281
9986 6666
9987 1823
9988 1823
9989 1823
9990 7916
9991 6302
9992 1927
9993 1927
9994 1822
9995 6406
9996 6615
9997 1875
9998 1927
9999 1875
