0 317857
1 63488
2 38697
3 37759
4 38385
5 36249
6 36666
7 36041
8 37499
9 37863
10 36613
11 36717
12 37291
13 35572
14 36093
15 36509
16 35936
17 36040
18 36874
19 35989
20 37134
21 34895
22 35416
23 34999
24 35728
25 35156
26 35260
27 35260
28 34686
29 35937
30 36458
31 35572
32 37551
33 35780
34 35416
35 35363
36 35468
37 35989
38 37395
39 35468
40 36874
41 35416
42 35989
43 34791
44 35260
45 35312
46 35677
47 37916
48 35833
49 34947
50 36093
51 35832
52 35311
53 36457
54 35676
55 37343
56 36197
57 35259
58 35624
59 35312
60 35624
61 36822
62 36614
63 41458
64 44790
65 35676
66 36405
67 36041
68 35885
69 38697
70 38280
71 35989
72 35832
73 35833
74 37656
75 35885
76 37030
77 40259
78 36197
79 35156
80 35937
81 35989
82 35989
83 35676
84 35364
85 35989
86 36405
87 36041
88 37395
89 36249
90 39582
91 42968
92 37187
93 35937
94 38436
95 35416
96 35885
97 35051
98 35624
99 38124
100 76404
101 39687
102 35677
103 35520
104 35416
105 35520
106 35155
107 35520
108 35520
109 35625
110 35572
111 35103
112 35520
113 35104
114 35260
115 35155
116 35051
117 35415
118 35156
119 35468
120 35780
121 37447
122 35885
123 35624
124 35520
125 35103
126 35676
127 35468
128 35311
129 35624
130 33541
131 33749
132 33489
133 33905
134 34010
135 33906
136 33228
137 34270
138 34062
139 34114
140 33698
141 34479
142 34166
143 34322
144 36822
145 34635
146 33073
147 34114
148 33905
149 34895
150 34686
151 37708
152 35468
153 36041
154 37915
155 35520
156 40468
157 38332
158 36822
159 37604
160 36301
161 35989
162 37707
163 38385
164 34843
165 35364
166 39686
167 34166
168 40937
169 37447
170 41405
171 37343
172 34531
173 37082
174 36978
175 43697
176 37603
177 40415
178 36301
179 40520
180 36301
181 38593
182 36561
183 35937
184 33958
185 34322
186 39582
187 37863
188 35103
189 37759
190 37239
191 35103
192 36145
193 36874
194 36197
195 35103
196 36770
197 36822
198 37968
199 38437
200 36822
201 38541
202 34895
203 36093
204 34686
205 34895
206 37708
207 34843
208 42031
209 43228
210 36666
211 35520
212 33958
213 35000
214 33749
215 35573
216 33645
217 34270
218 36770
219 40624
220 37395
221 37811
222 37343
223 36770
224 38593
225 34947
226 33540
227 40155
228 34218
229 48541
230 35520
231 38436
232 39791
233 39478
234 36510
235 41354
236 43957
237 38906
238 36561
239 34114
240 36613
241 38802
242 41302
243 39322
244 35312
245 34218
246 41457
247 36406
248 34999
249 37551
250 46197
251 40103
252 40416
253 44010
254 38645
255 40468
256 37655
257 38437
258 42760
259 40311
260 40051
261 36302
262 36562
263 39478
264 33697
265 37968
266 36405
267 35416
268 37916
269 36874
270 41614
271 39062
272 34114
273 34479
274 84425
275 38280
276 36718
277 35781
278 35468
279 36249
280 47239
281 35155
282 35259
283 35312
284 35051
285 35988
286 34999
287 34791
288 35155
289 35364
290 35885
291 37395
292 35936
293 34947
294 35311
295 34843
296 36250
297 34791
298 35312
299 34947
300 35468
301 35103
302 34635
303 94789
304 41145
305 36145
306 35989
307 35416
308 35156
309 35468
310 35677
311 37551
312 34999
313 37187
314 34583
315 36458
316 36197
317 34947
318 35103
319 34895
320 34999
321 34739
322 35312
323 35155
324 35364
325 34738
326 36406
327 35104
328 37030
329 35312
330 35624
331 35989
332 34947
333 38229
334 35572
335 34582
336 35572
337 35572
338 35312
339 34739
340 35207
341 34843
342 35520
343 35103
344 35468
345 37916
346 35260
347 34948
348 35260
349 34843
350 34947
351 35104
352 35156
353 34999
354 35468
355 34790
356 37499
357 35311
358 35416
359 37552
360 35833
361 35728
362 35155
363 34947
364 35416
365 35572
366 35415
367 37083
368 35572
369 34947
370 34999
371 34843
372 35416
373 37083
374 34895
375 35937
376 38749
377 37916
378 35259
379 35052
380 35416
381 35364
382 35103
383 34895
384 33541
385 33489
386 33593
387 34010
388 33489
389 33593
390 34010
391 35051
392 33488
393 33801
394 33645
395 34426
396 34270
397 34791
398 33645
399 33645
400 36926
401 33749
402 33801
403 34531
404 33332
405 33280
406 34322
407 34218
408 33853
409 33280
410 34895
411 33749
412 33801
413 33437
414 33749
415 33697
416 33749
417 35260
418 33802
419 35624
420 33906
421 34374
422 33385
423 35311
424 35937
425 33957
426 35103
427 35833
428 34530
429 35572
430 34009
431 38124
432 34738
433 34427
434 34323
435 35052
436 35312
437 35312
438 35312
439 38072
440 34374
441 35416
442 37448
443 38333
444 35051
445 38541
446 34791
447 34427
448 34010
449 34270
450 34635
451 34687
452 33906
453 34062
454 34843
455 34843
456 34842
457 35260
458 33645
459 35208
460 34479
461 35832
462 34896
463 35416
464 35051
465 34687
466 34218
467 34843
468 38332
469 33906
470 34374
471 33489
472 34374
473 33697
474 33645
475 38489
476 33749
477 34062
478 34009
479 36561
480 32968
481 34895
482 33697
483 33280
484 34323
485 33541
486 34375
487 33280
488 34166
489 33905
490 57915
491 17135
492 17187
493 14583
494 14062
495 14583
496 15573
497 13021
498 33385
499 35208
500 35104
501 35103
502 35311
503 36353
504 35468
505 34999
506 35052
507 35312
508 35781
509 34999
510 35104
511 35000
512 35363
513 35104
514 35624
515 42395
516 38020
517 37603
518 117914
519 41822
520 35363
521 35936
522 36405
523 41041
524 63227
525 63540
526 40728
527 41406
528 44113
529 39895
530 40311
531 42863
532 47239
533 37603
534 35937
535 41770
536 42655
537 43385
538 38905
539 44843
540 40572
541 39166
542 47291
543 40260
544 39426
545 39009
546 39895
547 39582
548 43280
549 41561
550 39842
551 49165
552 37083
553 35781
554 38957
555 42812
556 37604
557 36093
558 36770
559 39530
560 35364
561 35311
562 36562
563 43124
564 35676
565 34947
566 34999
567 34791
568 35468
569 35207
570 34843
571 37499
572 35885
573 37447
574 35884
575 35051
576 34582
577 35207
578 34947
579 35520
580 35103
581 34947
582 34999
583 35572
584 35156
585 36353
586 35000
587 35312
588 35051
589 35103
590 35156
591 35156
592 34635
593 36405
594 34687
595 36718
596 34791
597 35937
598 34687
599 34686
600 34218
601 34582
602 35103
603 35364
604 34791
605 35051
606 34531
607 34843
608 34896
609 34687
610 35364
611 34582
612 34374
613 34374
614 35104
615 35468
616 36249
617 34895
618 33541
619 33333
620 33280
621 33906
622 33540
623 33332
624 33333
625 33697
626 33436
627 33593
628 33436
629 33489
630 33437
631 33124
632 34947
633 34010
634 33750
635 33228
636 34114
637 33333
638 33176
639 34583
640 33229
641 33177
642 33541
643 33437
644 33072
645 32863
646 33697
647 33593
648 33698
649 33541
650 33541
651 33072
652 33333
653 33437
654 33593
655 33333
656 33280
657 33333
658 33593
659 33750
660 33228
661 34166
662 33333
663 34635
664 33697
665 33176
666 34009
667 33541
668 33072
669 33177
670 33333
671 33229
672 33333
673 33698
674 33072
675 33281
676 33176
677 33385
678 33645
679 33385
680 33281
681 33489
682 33332
683 33176
684 33176
685 32864
686 34948
687 36822
688 33802
689 33697
690 33385
691 33436
692 33228
693 33489
694 33280
695 33541
696 33437
697 33489
698 33697
699 33385
700 33332
701 33384
702 33228
703 33384
704 33541
705 33645
706 34114
707 33177
708 33332
709 33749
710 42656
711 34582
712 34166
713 33749
714 33332
715 33384
716 33489
717 33489
718 33697
719 91717
720 37708
721 36093
722 33853
723 34739
724 33905
725 35364
726 33906
727 33541
728 33072
729 33332
730 33541
731 33437
732 33124
733 33645
734 33593
735 33020
736 33489
737 33072
738 33229
739 33645
740 33802
741 33906
742 33854
743 33697
744 33697
745 33489
746 33437
747 33333
748 35155
749 33905
750 33541
751 33540
752 33385
753 33281
754 33749
755 33176
756 33385
757 33333
758 33020
759 33385
760 33646
761 33437
762 33332
763 33281
764 33645
765 33697
766 33436
767 33176
768 33333
769 33385
770 33020
771 33541
772 34947
773 34218
774 33437
775 33593
776 33593
777 33541
778 33385
779 33281
780 33645
781 33228
782 33072
783 33177
784 33333
785 33645
786 33541
787 33333
788 33437
789 33541
790 33436
791 33281
792 33176
793 33593
794 33124
795 34739
796 33906
797 33801
798 33020
799 33332
800 33437
801 34010
802 34114
803 33749
804 33749
805 33333
806 33072
807 33645
808 33384
809 33437
810 33593
811 33489
812 33436
813 33176
814 33593
815 35781
816 33541
817 33853
818 35729
819 33801
820 33593
821 33645
822 33332
823 33176
824 33333
825 33384
826 33749
827 33072
828 33385
829 33749
830 41769
831 35364
832 34218
833 34114
834 64686
835 38020
836 120362
837 37135
838 35781
839 36353
840 35520
841 35988
842 35989
843 35416
844 36249
845 35729
846 35989
847 36302
848 36092
849 35885
850 35572
851 36093
852 36613
853 36041
854 36353
855 37499
856 35572
857 35312
858 35416
859 36666
860 35780
861 35937
862 35780
863 35363
864 35676
865 36874
866 36405
867 35989
868 36874
869 36041
870 35572
871 35259
872 33906
873 33072
874 33436
875 33854
876 34010
877 35884
878 33957
879 33906
880 33332
881 34010
882 33801
883 34635
884 33749
885 34843
886 34374
887 34323
888 37812
889 38228
890 36926
891 35104
892 35104
893 35103
894 35780
895 35363
896 34843
897 36354
898 35624
899 36509
900 34843
901 34791
902 34582
903 35260
904 35936
905 35156
906 34478
907 34739
908 34791
909 34843
910 34947
911 35311
912 35207
913 34635
914 34999
915 34895
916 35104
917 34739
918 35104
919 34843
920 34583
921 52707
922 37499
923 35103
924 36093
925 35103
926 35103
927 35103
928 35312
929 34895
930 34999
931 34947
932 35207
933 34790
934 37603
935 34999
936 35624
937 34791
938 34843
939 35937
940 34687
941 35156
942 34947
943 35729
944 34999
945 35155
946 34531
947 34999
948 34843
949 35677
950 35207
951 34895
952 34531
953 35676
954 34374
955 34738
956 36457
957 35207
958 35104
959 34791
960 34687
961 35260
962 35052
963 34999
964 34843
965 34426
966 34374
967 34843
968 34947
969 34739
970 35000
971 34687
972 34530
973 34843
974 35104
975 35416
976 34999
977 34687
978 34895
979 36353
980 35260
981 34791
982 34947
983 35364
984 34791
985 34842
986 34582
987 34999
988 34791
989 34895
990 34635
991 34374
992 34843
993 35624
994 34843
995 34947
996 34895
997 34895
998 34583
999 34790
