0 228484
1 25573
2 17135
3 14739
4 17239
5 15260
6 14323
7 16197
8 14948
9 12969
10 12500
11 14166
12 16197
13 14270
14 16406
15 16979
16 14375
17 14063
18 14323
19 14791
20 15572
21 14010
22 14426
23 14167
24 14791
25 15103
26 15469
27 14323
28 13958
29 13750
30 14218
31 22031
32 15521
33 14635
34 16041
35 14791
36 14687
37 14323
38 14635
39 14270
40 13802
41 13906
42 14374
43 17291
44 13646
45 14218
46 14270
47 16978
48 14375
49 14219
50 14114
51 14374
52 15260
53 14219
54 13958
55 14635
56 13802
57 14010
58 14114
59 14114
60 14999
61 14062
62 13854
63 15937
64 14010
65 14426
66 13698
67 13802
68 46926
69 15312
70 14375
71 14948
72 34426
73 14687
74 14427
75 14010
76 15208
77 13958
78 13854
79 13958
80 13853
81 13802
82 14010
83 14010
84 13906
85 13749
86 13750
87 15208
88 13853
89 13698
90 14323
91 14375
92 15052
93 14062
94 14218
95 14010
96 13749
97 13698
98 14323
99 14114
