0 6145
1 2031
2 7083
3 8333
4 1823
5 1927
6 1875
7 6771
8 6406
9 1875
10 1823
11 1927
12 6823
13 17448
14 1875
15 1927
16 1927
17 8021
18 1771
19 1875
20 1875
21 27708
22 8593
23 1823
24 1823
25 1823
26 6562
27 6666
28 1771
29 1823
30 1822
31 6354
32 6458
33 1823
34 1823
35 1823
36 6406
37 1771
38 1823
39 1823
40 7604
41 6406
42 1822
43 1823
44 1979
45 16353
46 6302
47 1822
48 1875
49 1980
50 8281
51 6250
52 1875
53 2968
54 5417
55 6874
56 1979
57 1875
58 1875
59 6406
60 9583
61 1823
62 1874
63 2083
64 8072
65 7135
66 1927
67 1823
68 1927
69 6719
70 6562
71 1875
72 1823
73 1823
74 6927
75 9895
76 2031
77 1875
78 6927
79 6302
80 1823
81 1874
82 1875
83 6823
84 48905
85 1875
86 1927
87 1874
88 6615
89 6302
90 1875
91 1927
92 16042
93 6458
94 1823
95 1875
96 1823
97 6510
98 6198
99 1875
