0 2917
1 2239
2 2448
3 2083
4 2031
5 2083
6 2500
7 1927
8 1020550
9 8645
10 1823
11 1875
12 8698
13 10573
14 1823
15 1823
16 1823
17 6666
18 6823
19 1718
20 1823
21 1875
22 6770
23 22083
24 1823
25 1770
26 1875
27 7864
28 6979
29 2396
30 1823
31 6458
32 6198
33 1770
34 1875
35 1875
36 7291
37 6563
38 1823
39 1823
40 1927
41 6510
42 18750
43 1771
44 1771
45 1823
46 6563
47 6250
48 1771
49 1823
50 6562
51 6406
52 1823
53 1875
54 1823
55 6406
56 8698
57 1823
58 1823
59 1927
60 6354
61 13021
62 1823
63 2083
64 1823
65 7657
66 1823
67 1823
68 1822
69 6615
70 6302
71 1823
72 2291
73 1823
74 6875
75 6198
76 1874
77 1823
78 1822
79 6302
80 15833
81 1771
82 1823
83 1823
84 6614
85 1823
86 1823
87 1875
88 6458
89 6562
90 1771
91 1822
92 1822
93 6354
94 9375
95 1771
96 1823
97 1980
98 6979
99 13541
100 1771
101 1823
102 1823
103 6562
104 1771
105 1822
106 1823
107 6770
108 6302
109 1771
110 1823
111 1875
112 7447
113 6354
114 1771
115 1927
116 1927
117 13697
118 18124
119 1771
120 1771
121 6406
122 8749
123 1771
124 1823
125 1823
126 6354
127 6615
128 1823
129 1823
130 1823
131 7656
132 6614
133 2292
134 1875
135 1823
136 6614
137 18646
138 1823
139 1823
140 8854
141 7813
142 1771
143 1823
144 1875
145 6666
146 27812
147 1875
148 1875
149 1823
150 7187
151 6458
152 1822
153 1823
154 1823
155 6666
156 14062
157 1822
158 1771
159 6458
160 6510
161 1771
162 1875
163 1823
164 6875
165 6354
166 1823
167 1823
168 1875
169 7135
170 8854
171 1771
172 1822
173 1770
174 6407
175 24167
176 1770
177 1771
178 6614
179 6563
180 1771
181 1823
182 1771
183 6510
184 6927
185 1771
186 1823
187 1875
188 28020
189 6458
190 1771
191 1927
192 1823
193 7604
194 1771
195 1823
196 1875
197 9688
198 6354
199 1979
200 1927
201 1823
202 8489
203 6511
204 1823
205 1874
206 1823
207 6719
208 6406
209 1823
210 1874
211 18020
212 6667
213 1927
214 1927
215 1875
216 6510
217 6458
218 1875
219 1823
220 1875
221 8333
222 8542
223 1823
224 1875
225 1875
226 6615
227 28957
228 1823
229 1875
230 16771
231 6511
232 1927
233 1823
234 1875
235 6510
236 6875
237 1875
238 1875
239 1927
240 6406
241 6406
242 1979
243 1875
244 1875
245 6771
246 1823
247 1927
248 1927
249 15417
250 6406
251 1875
252 1875
253 1823
254 11458
255 6563
256 1770
257 1822
258 1875
259 6511
260 6459
261 1771
262 1875
263 1875
264 6510
265 1822
266 2396
267 1823
268 19427
269 31406
270 1771
271 1875
272 1875
273 6406
274 6510
275 1823
276 1927
277 1927
278 6458
279 6562
280 1875
281 1822
282 1928
283 6615
284 1875
285 1875
286 1875
287 15989
288 6406
289 1875
290 1875
291 1927
292 7760
293 6354
294 2656
295 1875
296 1823
297 8281
298 6458
299 2136
300 1823
301 6926
302 18958
303 1875
304 1823
305 1875
306 6667
307 6406
308 1875
309 1875
310 1823
311 8646
312 7708
313 1823
314 1875
315 1875
316 6979
317 1771
318 1927
319 1927
320 6562
321 21458
322 1823
323 1875
324 1823
325 9219
326 8750
327 1771
328 1875
329 1875
330 8385
331 10416
332 1875
333 1822
334 1875
335 6510
336 1770
337 1875
338 2031
339 6458
340 15468
341 1771
342 1875
343 1875
344 6562
345 7083
346 1770
347 1822
348 1875
349 6458
350 27916
351 1927
352 1823
353 1823
354 9948
355 1771
356 1875
357 1875
358 6459
359 16041
360 1875
361 1875
362 1823
363 6562
364 6615
365 2292
366 1875
367 1875
368 7865
369 6406
370 1927
371 1874
372 11354
373 6406
374 1875
375 1875
376 1822
377 6615
378 16042
379 1823
380 1927
381 1823
382 6875
383 6718
384 1875
385 1927
386 1875
387 6823
388 6718
389 1823
390 1823
391 6823
392 27395
393 1875
394 1823
395 1874
396 7500
397 16458
398 1823
399 8750
400 7812
401 2187
402 1927
403 1874
404 6823
405 6562
406 1875
407 1875
408 6614
409 6718
410 1771
411 1823
412 1823
413 7239
414 16926
415 1770
416 1875
417 1823
418 6615
419 6354
420 1719
421 1927
422 1874
423 6823
424 6510
425 1823
426 1771
427 6563
428 6198
429 1823
430 1823
431 1927
432 29791
433 15625
434 1875
435 1875
436 1823
437 8229
438 7395
439 1875
440 1823
441 1875
442 6667
443 1979
444 1927
445 1823
446 6823
447 6511
448 1823
449 1875
450 1770
451 10937
452 15051
453 1771
454 1875
455 1875
456 6406
457 7031
458 1823
459 1823
460 1875
461 6719
462 1875
463 1875
464 1823
465 6823
466 6250
467 1875
468 1823
469 1823
470 6459
471 28541
472 2031
473 1927
474 1771
475 7604
476 6822
477 1822
478 1875
479 1875
480 7239
481 1823
482 1875
483 1823
484 6719
485 7292
486 1718
487 1875
488 2135
489 6615
490 15000
491 2344
492 1875
493 2865
494 6614
495 9166
496 1875
497 3021
498 8645
499 7396
500 3490
501 9062
502 8802
503 1822
504 1822
505 1771
506 7813
507 19426
508 1823
509 1979
510 1979
511 9687
512 9115
513 2136
514 2552
515 9635
516 7604
517 2135
518 2604
519 1875
520 10886
521 10156
522 1770
523 2500
524 2083
525 8958
526 21302
527 1770
528 2500
529 2031
530 12448
531 7084
532 1771
533 1979
534 13541
535 8801
536 1823
537 2135
538 1823
539 10260
540 10104
541 3125
542 1823
543 2083
544 7968
545 16145
546 2135
547 1823
548 2187
549 22604
550 7552
551 1823
552 1823
553 8229
554 6458
555 1875
556 1875
557 1823
558 6667
559 7396
560 1823
561 1875
562 1823
563 6615
564 16458
565 1823
566 1823
567 1875
568 7292
569 2708
570 1823
571 1875
572 6615
573 7187
574 1823
575 1927
576 1875
577 6407
578 6614
579 1823
580 1771
581 1927
582 7916
583 20416
584 1823
585 1875
586 1771
587 6458
588 1823
589 1875
590 1823
591 6511
592 7031
593 1822
594 1823
595 1875
596 6614
597 30728
598 1770
599 1823
600 1771
601 3906
602 2292
603 2239
604 9167
605 1823
606 1875
607 1875
608 15885
609 10156
610 3385
611 1979
612 4271
613 13229
614 10312
615 2136
616 1875
617 1875
618 36665
619 8125
620 3593
621 2344
622 8124
623 11979
624 3073
625 2812
626 1875
627 12500
628 10885
629 1927
630 3541
631 2864
632 12760
633 8959
634 1823
635 1875
636 3802
637 82238
638 11823
639 2187
640 1875
641 9635
642 12603
643 1875
644 1823
645 1823
646 8697
647 7552
648 1822
649 1823
650 1822
651 6562
652 6406
653 1875
654 1823
655 1823
656 15573
657 7656
658 1823
659 1771
660 7083
661 6719
662 1770
663 1875
664 1823
665 6354
666 7500
667 1770
668 2031
669 1822
670 7604
671 7187
672 1875
673 1823
674 1822
675 15208
676 6666
677 1719
678 1822
679 24635
680 6511
681 1823
682 1823
683 1875
684 6927
685 6406
686 1823
687 1823
688 1770
689 11042
690 6511
691 1927
692 1771
693 1823
694 14167
695 1823
696 1823
697 1875
698 6407
699 6354
700 1771
701 1927
702 8645
703 1771
704 1875
705 1771
706 6823
707 6302
708 1823
709 1875
710 1823
711 6667
712 1823
713 1823
714 1927
715 6771
716 6354
717 1822
718 1875
719 1823
720 6979
721 6458
722 1823
723 1823
724 1823
725 6563
726 14114
727 1771
728 1771
729 1822
730 6562
731 1823
732 1979
733 1875
734 6563
735 6719
736 1771
737 1875
738 1823
739 6719
740 6458
741 1927
742 1875
743 1875
744 6562
745 13646
746 1823
747 1823
748 6562
749 6302
750 1771
751 1875
752 1979
753 8125
754 7135
755 1823
756 1927
757 1875
758 8073
759 7395
760 1822
761 1822
762 1875
763 6510
764 19947
765 1823
766 1823
767 6302
768 6510
769 1822
770 1927
771 1823
772 6510
773 6406
774 1875
775 1823
776 1823
777 6406
778 6614
779 1875
780 1875
781 1823
782 6615
783 13333
784 1823
785 1874
786 6563
787 6302
788 1771
789 1822
790 1823
791 6510
792 6302
793 1823
794 1823
795 1823
796 7344
797 6354
798 1823
799 1823
800 1875
801 6563
802 27655
803 7709
804 6406
805 1822
806 1719
807 1875
808 6614
809 6354
810 1822
811 1875
812 1823
813 7031
814 6927
815 1823
816 1875
817 1875
818 13750
819 1771
820 1875
821 1823
822 6406
823 6667
824 1875
825 1875
826 1823
827 6823
828 9167
829 2917
830 1875
831 1823
832 6718
833 13229
834 1770
835 1823
836 1771
837 6458
838 1771
839 1823
840 1875
841 6459
842 19687
843 1875
844 1875
845 1823
846 6563
847 6458
848 1823
849 1822
850 1823
851 6510
852 24739
853 1822
854 2031
855 1875
856 7031
857 1823
858 1875
859 1822
860 6771
861 6406
862 1771
863 1875
864 1875
865 6562
866 6406
867 1875
868 1875
869 1771
870 6459
871 12499
872 1823
873 1823
874 6511
875 6458
876 1823
877 1823
878 1823
879 7708
880 6406
881 1823
882 1875
883 1875
884 15416
885 8437
886 1718
887 1823
888 1875
889 6458
890 14166
891 1875
892 1875
893 8645
894 6614
895 1823
896 1875
897 1823
898 7500
899 6562
900 1771
901 1823
902 1823
903 6563
904 2031
905 1875
906 6563
907 13802
908 1771
909 1927
910 6458
911 6510
912 1822
913 1927
914 1875
915 7812
916 6719
917 1719
918 1875
919 1823
920 6510
921 6823
922 1771
923 1823
924 1875
925 6563
926 6563
927 1823
928 1875
929 7708
930 6979
931 1718
932 1822
933 1823
934 6718
935 6510
936 1823
937 1822
938 1875
939 8229
940 7761
941 1823
942 1875
943 1875
944 8750
945 1719
946 1927
947 1875
948 6458
949 6719
950 1823
951 1823
952 1823
953 6406
954 6770
955 1823
956 1875
957 1875
958 10781
959 6875
960 1771
961 1874
962 1927
963 6354
964 1823
965 1823
966 1979
967 6667
968 6198
969 1823
970 1875
971 1770
972 6666
973 6302
974 1875
975 1875
976 1875
977 6458
978 6198
979 1771
980 1771
981 1771
982 6510
983 1823
984 1875
985 1927
986 6510
987 6719
988 1823
989 1822
990 1927
991 6458
992 6458
993 1771
994 1875
995 1823
996 7396
997 6719
998 1823
999 1927
